0 1 1 -50 tibetan8.png 1 1217 tibetan4.png 0 970 1 0 -1 0.0 0.25 0.504612922963 0.601284842942 0.352837105728 
0 1 1 -49 tibetan1.png 0 689 tibetan6.png 3 1440 1 1 0 0.0 0.25 0.48737332489 0.625318262417 0.342075295944 
0 1 1 -48 tibetan1.png 0 1337 tibetan4.png 0 801 0 0 -1 0.0 0.25 0.502242117825 0.585801073809 0.309994308448 
0 1 1 -47 tibetan1.png 0 992 tibetan9.png 2 829 1 1 0 0.0 0.263568847762 0.497056569335 0.583147963556 0.287961352548 
0 1 1 -46 tibetan8.png 1 857 tibetan6.png 3 714 0 1 -1 0.0 0.314810866873 0.476502396001 0.588460090719 0.296606319773 
0 1 1 -45 tibetan1.png 0 676 tibetan6.png 3 566 1 1 0 0.0 0.345225340882 0.506627144117 0.623304566789 0.336312439422 
0 1 1 -44 tibetan8.png 1 374 tibetan4.png 0 675 1 0 0 0.0 0.386062156566 0.556651738113 0.582474506163 0.339407423673 
0 1 1 -43 tibetan8.png 1 7566 tibetan4.png 0 724 1 0 -1 0.0 0.387791047666 0.536336420276 0.597844613844 0.289890251221 
0 1 1 -42 tibetan8.png 1 491 tibetan6.png 3 715 0 1 0 0.0 0.402269881072 0.550031336778 0.650192823652 0.311000423118 
0 1 1 -41 tibetan1.png 0 494 tibetan6.png 3 784 1 1 -1 0.0 0.405188375129 0.560166830838 0.673247992238 0.326917271371 
0 1 1 -40 tibetan8.png 1 636 tibetan6.png 3 775 0 1 -1 0.0 0.382444462403 0.561538949766 0.668641100057 0.325150094902 
0 1 1 -39 tibetan1.png 0 663 tibetan9.png 2 624 1 1 -1 0.0 0.344491889424 0.551726801024 0.669206757824 0.298313663551 
0 1 1 -38 tibetan1.png 0 373 tibetan7.png 1 377 0 0 -1 0.0 0.359236827534 0.579417395876 0.692232826929 0.340358730548 
0 1 1 -37 tibetan1.png 0 469 tibetan9.png 2 457 1 1 -1 0.0 0.351825960086 0.556712830815 0.717075323035 0.361222268047 
0 1 1 -36 tibetan8.png 1 421 tibetan6.png 3 423 0 1 0 0.0 0.358280152939 0.57696293027 0.696861491204 0.369483322623 
0 1 1 -35 tibetan1.png 0 514 tibetan7.png 1 330 0 0 0 0.0 0.400966995804 0.573381993314 0.716002974698 0.358897274603 
0 1 1 -34 tibetan1.png 0 187 tibetan4.png 0 207 0 0 -1 0.0 0.407946472734 0.572069045357 0.73775975605 0.394845559796 
0 1 1 -33 tibetan1.png 0 3514 tibetan6.png 3 657 1 1 -1 0.0 0.449126967978 0.569391190916 0.682960968768 0.398519272748 
0 1 1 -32 tibetan8.png 1 477 tibetan4.png 0 647 1 0 0 0.0 0.420177107898 0.603809484076 0.673912621557 0.363843785175 
0 1 1 -31 tibetan1.png 0 598 tibetan9.png 2 749 1 1 0 0.0 0.39246788523 0.618497090781 0.642032073955 0.383616625955 
0 1 1 -30 tibetan1.png 0 1023 tibetan6.png 3 7674 1 1 0 0.0 0.375539603285 0.596217174467 0.634937410668 0.344729225629 
0 1 1 -29 tibetan1.png 0 241 tibetan4.png 0 120 0 0 0 0.0 0.423851880308 0.589338780157 0.632466906497 0.329731977087 
0 1 1 -28 tibetan8.png 1 801 tibetan7.png 1 371 1 0 -1 0.0 0.426659904367 0.608654192744 0.613962026714 0.342825168034 
0 1 1 -27 tibetan8.png 1 379 tibetan7.png 1 613 1 0 0 0.0 0.414513542396 0.622378968849 0.624351807553 0.383095714552 
0 1 1 -26 tibetan1.png 0 213 tibetan9.png 2 224 1 1 0 0.0 0.448001454932 0.619829296329 0.587573565625 0.435390650908 
0 1 1 -25 tibetan1.png 0 400 tibetan7.png 1 480 0 0 -1 0.0 0.462848630887 0.637173128854 0.639607002142 0.458209006105 
0 1 1 -24 tibetan1.png 0 1209 tibetan9.png 2 814 1 1 0 0.0 0.451498785482 0.662891075865 0.668533655836 0.491023021782 
0 1 1 -23 tibetan8.png 1 851 tibetan4.png 0 505 1 0 -1 0.0 0.477132247001 0.707569229396 0.653153283882 0.451401233161 
0 1 1 -22 tibetan8.png 1 415 tibetan7.png 1 340 1 0 0 0.0 0.446012342017 0.734047767558 0.636830822131 0.400489182044 
0 1 1 -21 tibetan8.png 1 867 tibetan7.png 1 326 1 0 0 0.0 0.454047867113 0.746623890062 0.635457498377 0.394669770704 
0 1 1 -20 tibetan1.png 0 1326 tibetan9.png 2 990 1 1 0 0.0 0.450523092115 0.75 0.611658794871 0.382929847741 
0 1 1 -19 tibetan8.png 1 534 tibetan9.png 2 613 0 1 0 0.0 0.454353938903 0.75 0.666944445919 0.425804092153 
0 1 1 -18 tibetan8.png 1 485 tibetan7.png 1 1457 1 0 -1 0.0 0.433402817833 0.75 0.654509073907 0.434929160624 
0 1 1 -17 tibetan8.png 1 349 tibetan7.png 1 835 1 0 -1 0.0 0.453070888943 0.75 0.679294598732 0.436772569127 
0 1 1 -16 tibetan1.png 0 471 tibetan7.png 1 2226 0 0 0 0.0 0.439426615296 0.744074149885 0.702908070717 0.418187327682 
0 1 1 -15 tibetan8.png 1 1210 tibetan7.png 1 380 1 0 -1 0.0 0.435863841601 0.742705218932 0.719462999945 0.394507880892 
0 1 1 -14 tibetan1.png 0 212 tibetan4.png 0 161 0 0 0 0.0 0.452826858692 0.720745755442 0.713782475805 0.401119047394 
0 1 1 -13 tibetan1.png 0 124 tibetan6.png 3 219 1 1 -1 0.0 0.432011726264 0.709869655957 0.680856321175 0.409874293867 
0 1 1 -12 tibetan8.png 1 248 tibetan4.png 0 824 1 0 -1 0.0 0.453434057368 0.713932170943 0.680226435463 0.449884700151 
0 1 1 -11 tibetan1.png 0 623 tibetan7.png 1 794 0 0 0 0.0 0.410644615255 0.713863538937 0.650713815377 0.453987768115 
0 1 1 -10 tibetan8.png 1 1649 tibetan7.png 1 668 1 0 0 0.0 0.413350763922 0.728867488522 0.652379413542 0.489240210142 
0 1 1 -9 tibetan1.png 0 720 tibetan4.png 0 581 0 0 -1 0.0 0.3914661584 0.724149787345 0.645658783136 0.438903724408 
0 1 1 -8 tibetan8.png 1 563 tibetan7.png 1 955 1 0 0 0.0 0.396250328168 0.73778673293 0.61674460345 0.426132368765 
0 1 1 -7 tibetan8.png 1 466 tibetan7.png 1 1516 1 0 -1 0.0 0.342670777265 0.75 0.576983244469 0.420725045161 
0 1 1 -6 tibetan8.png 1 496 tibetan4.png 0 608 1 0 -1 0.0 0.340661384715 0.736417797174 0.564640402843 0.428512385557 
0 1 1 -5 tibetan1.png 0 1605 tibetan4.png 0 660 0 0 -1 0.0 0.363908293193 0.75 0.542309548768 0.411222264119 
0 1 1 -4 tibetan8.png 1 653 tibetan4.png 0 1063 1 0 0 0.0 0.358448085764 0.691320105123 0.551170675165 0.362201901229 
0 1 1 -3 tibetan8.png 1 1316 tibetan9.png 2 798 0 1 0 0.0 0.373710478467 0.691508953892 0.572387985876 0.35651097408 
0 1 1 -2 tibetan8.png 1 229 tibetan7.png 1 3784 1 0 0 0.0 0.364269604178 0.740996647034 0.603532608857 0.338746092206 
0 1 1 -1 tibetan8.png 1 398 tibetan4.png 0 120 1 0 0 0.0 0.386281211582 0.736640293937 0.544521137747 0.367418674631 
0 1 1 1 tibetan11.png 0 1115 tibetan5.png 1 1215 0 0 -1 -1.0 0.332740460143 0.420662130622 0.568030361421 0.529074895804 
0 1 1 2 tibetan11.png 0 544 tibetan3.png 0 826 0 0 -1 -2.0 0.345769342749 0.473653939951 0.563641022425 0.562525650871 
0 1 1 3 tibetan10.png 1 646 tibetan5.png 1 712 1 0 -1 -3.0 0.344530475792 0.477609664695 0.575419209532 0.60116905468 
0 1 1 4 tibetan10.png 1 474 tibetan5.png 1 122 1 0 -1 -4.0 0.340108293166 0.443941541542 0.579030555027 0.590007000921 
0 1 1 5 tibetan10.png 1 258 tibetan5.png 1 178 1 0 -1 -5.0 0.277093661379 0.433514778041 0.579593658938 0.601847396333 
0 1 1 6 tibetan10.png 1 229 tibetan3.png 0 120 1 0 0 -5.0 0.303960760327 0.457153286791 0.602864012338 0.585546150448 
0 1 1 7 tibetan10.png 1 13157 tibetan3.png 0 1033 1 0 -1 -6.0 0.340634959608 0.460845506519 0.621842209757 0.561429441839 
0 1 1 8 tibetan10.png 1 3941 tibetan3.png 0 318 1 0 0 -6.0 0.318739820805 0.450738029148 0.655423407223 0.6038958001 
0 1 1 9 tibetan11.png 0 292 tibetan2.png 3 156 1 1 0 -6.0 0.25 0.447544659275 0.6144202215 0.601306044768 
0 1 1 10 tibetan10.png 1 280 tibetan12.png 2 138 0 1 -1 -7.0 0.25 0.4844103531 0.574395571234 0.588203092635 
0 1 1 11 tibetan11.png 0 164 tibetan5.png 1 246 0 0 0 -7.0 0.262211281494 0.465989844308 0.587971317312 0.529486396792 
0 1 1 12 tibetan10.png 1 183 tibetan3.png 0 165 1 0 -1 -8.0 0.25 0.468272010888 0.619683405422 0.534814798627 
0 1 1 13 tibetan10.png 1 128 tibetan3.png 0 7343 1 0 0 -8.0 0.25 0.456630695491 0.645538020004 0.519684991463 
0 1 1 14 tibetan11.png 0 627 tibetan2.png 3 657 1 1 -1 -9.0 0.266371514179 0.458169036467 0.638605438067 0.52936470696 
0 1 1 15 tibetan11.png 0 561 tibetan2.png 3 659 1 1 -1 -10.0 0.267387059196 0.44328045401 0.630532308383 0.503154194307 
0 1 1 16 tibetan11.png 0 494 tibetan2.png 3 583 1 1 -1 -11.0 0.25 0.443751030442 0.616586390214 0.521413663873 
0 1 1 17 tibetan10.png 1 371 tibetan5.png 1 624 1 0 0 -11.0 0.25 0.409164484949 0.599460996518 0.512582603936 
0 1 1 18 tibetan11.png 0 396 tibetan12.png 2 368 1 1 0 -11.0 0.25 0.439275404083 0.639133073086 0.481546417944 
0 1 1 19 tibetan11.png 0 125 tibetan2.png 3 8465 1 1 -1 -12.0 0.25 0.471304946844 0.628109856552 0.489481848062 
0 1 1 20 tibetan10.png 1 589 tibetan5.png 1 707 1 0 0 -12.0 0.25 0.448075097648 0.61956711416 0.448364194444 
0 1 1 21 tibetan11.png 0 539 tibetan12.png 2 372 1 1 0 -12.0 0.267891601629 0.445119070582 0.624610547851 0.457385897554 
0 1 1 22 tibetan11.png 0 130 tibetan2.png 3 122 1 1 -1 -13.0 0.260808580239 0.434140532884 0.60811806047 0.461947108834 
0 1 1 23 tibetan11.png 0 1272 tibetan2.png 3 120 1 1 -1 -14.0 0.291626161541 0.438602819306 0.648097777739 0.44544388119 
0 1 1 24 tibetan11.png 0 6534 tibetan2.png 3 121 1 1 0 -14.0 0.256558688514 0.429081116153 0.633258638545 0.428087812732 
0 1 1 25 tibetan11.png 0 5070 tibetan12.png 2 191 1 1 0 -14.0 0.26102820019 0.412027857168 0.645983198274 0.415070361894 
0 1 1 26 tibetan10.png 1 322 tibetan5.png 1 7823 1 0 -1 -15.0 0.288666492569 0.382004513585 0.643382099944 0.441439028397 
0 1 1 27 tibetan11.png 0 404 tibetan5.png 1 7056 0 0 -1 -16.0 0.295970808406 0.373490124268 0.683640748458 0.430579261015 
0 1 1 28 tibetan10.png 1 431 tibetan5.png 1 740 1 0 -1 -17.0 0.25851526967 0.378510107516 0.72062021294 0.383874202303 
0 1 1 29 tibetan10.png 1 7301 tibetan3.png 0 580 1 0 -1 -18.0 0.274393258011 0.359009348357 0.729506520738 0.43665702821 
0 1 1 30 tibetan10.png 1 1835 tibetan3.png 0 942 1 0 0 -18.0 0.287756443984 0.361947446269 0.704931746131 0.463550310876 
0 1 1 31 tibetan11.png 0 7579 tibetan2.png 3 200 1 1 -1 -19.0 0.25881868618 0.333578635511 0.702940806344 0.476802814374 
0 1 1 32 tibetan10.png 1 330 tibetan12.png 2 650 0 1 -1 -20.0 0.252757251679 0.299063615219 0.703239827027 0.500483544638 
0 1 1 33 tibetan10.png 1 646 tibetan5.png 1 5666 1 0 -1 -21.0 0.251104321289 0.304255187104 0.674457075599 0.479824669534 
0 1 1 34 tibetan11.png 0 1137 tibetan2.png 3 1583 1 1 -1 -22.0 0.26306585147 0.304817795396 0.670314061239 0.480590775363 
0 1 1 35 tibetan10.png 1 218 tibetan3.png 0 210 1 0 0 -22.0 0.25 0.268049768609 0.660819250016 0.459796059752 
0 1 1 36 tibetan11.png 0 184 tibetan2.png 3 988 1 1 -1 -23.0 0.251944055461 0.297230339963 0.669781354116 0.421306038261 
0 1 1 37 tibetan11.png 0 6236 tibetan12.png 2 781 1 1 0 -23.0 0.283705600926 0.346062992552 0.714424189137 0.417733658192 
0 1 1 38 tibetan11.png 0 257 tibetan2.png 3 3093 1 1 -1 -24.0 0.272391376366 0.335933522973 0.75 0.41765992985 
0 1 1 39 tibetan11.png 0 249 tibetan2.png 3 152 1 1 -1 -25.0 0.269108490816 0.355731555659 0.75 0.429687679645 
0 1 1 40 tibetan11.png 0 386 tibetan12.png 2 2544 1 1 0 -25.0 0.257594634388 0.337327892984 0.735285271903 0.442868265034 
0 1 1 41 tibetan10.png 1 5384 tibetan3.png 0 116 1 0 0 -25.0 0.25 0.342352234802 0.747597057374 0.444301878388 
0 1 1 42 tibetan11.png 0 239 tibetan12.png 2 3073 1 1 -1 -26.0 0.260312762522 0.320551551124 0.735089679236 0.424713471849 
0 1 1 43 tibetan10.png 1 6636 tibetan5.png 1 734 1 0 -1 -27.0 0.25679935901 0.378972451983 0.702160107935 0.439656306343 
0 1 1 44 tibetan11.png 0 741 tibetan2.png 3 9880 1 1 -1 -28.0 0.27229157868 0.344445191535 0.684536598099 0.426539571536 
0 1 1 45 tibetan10.png 1 3196 tibetan3.png 0 672 1 0 -1 -29.0 0.303151254529 0.321490367464 0.670124000238 0.443886381 
0 1 1 46 tibetan10.png 1 347 tibetan5.png 1 720 1 0 -1 -30.0 0.269759969318 0.273287533965 0.677142030048 0.446921560581 
0 1 1 47 tibetan11.png 0 126 tibetan2.png 3 4356 1 1 -1 -31.0 0.25 0.365005739615 0.72486750452 0.445820887779 
0 1 1 48 tibetan11.png 0 5950 tibetan3.png 0 3402 0 0 0 -31.0 0.25 0.34568372033 0.737992721506 0.461985881022 
0 1 1 49 tibetan11.png 0 4369 tibetan2.png 3 119 1 1 0 -31.0 0.25 0.337344270264 0.75 0.442179595965 
0 1 1 50 tibetan10.png 1 473 tibetan5.png 1 121 1 0 -1 -32.0 0.259609718769 0.370676777971 0.749605441649 0.397473220646 
0 1 1 51 tibetan11.png 0 832 tibetan3.png 0 132 0 0 -1 -33.0 0.257418758214 0.325337777776 0.75 0.376751228819 
0 1 1 52 tibetan11.png 0 173 tibetan2.png 3 136 1 1 -1 -34.0 0.25 0.349468385387 0.75 0.323556961457 
0 1 1 53 tibetan11.png 0 756 tibetan2.png 3 6478 1 1 -1 -35.0 0.257706327581 0.365027416505 0.75 0.356636305962 
0 1 1 54 tibetan10.png 1 174 tibetan5.png 1 118 1 0 0 -35.0 0.25 0.354114718309 0.747875233285 0.366661528285 
0 1 1 55 tibetan10.png 1 22055 tibetan3.png 0 1101 1 0 -1 -36.0 0.277391261663 0.333690866086 0.74283789399 0.316179412842 
0 1 1 56 tibetan11.png 0 176 tibetan2.png 3 1229 1 1 -1 -37.0 0.275483440429 0.358482193409 0.737241597809 0.334065985016 
0 1 1 57 tibetan10.png 1 122 tibetan5.png 1 395 1 0 -1 -38.0 0.250891105726 0.304349553907 0.704719390325 0.30584616613 
0 1 1 58 tibetan11.png 0 127 tibetan12.png 2 117 1 1 0 -38.0 0.25 0.25 0.696619343825 0.32477620853 
0 1 1 59 tibetan11.png 0 125 tibetan2.png 3 139 1 1 -1 -39.0 0.286970948633 0.25 0.69252460314 0.357499302542 
0 1 1 60 tibetan11.png 0 281 tibetan3.png 0 137 0 0 -1 -40.0 0.277307279242 0.25 0.720799352846 0.355359303944 
0 1 1 61 tibetan10.png 1 125 tibetan3.png 0 120 1 0 -1 -41.0 0.270465908459 0.257298959307 0.742079085176 0.384909696411 
0 1 1 62 tibetan11.png 0 271 tibetan3.png 0 119 0 0 -1 -42.0 0.271488736319 0.25 0.75 0.358651464144 
0 1 1 63 tibetan11.png 0 127 tibetan12.png 2 122 1 1 -1 -43.0 0.304319111246 0.25 0.75 0.372414342717 
0 1 1 64 tibetan11.png 0 180 tibetan5.png 1 241 0 0 0 -43.0 0.279513690653 0.25 0.75 0.414231458754 
0 1 1 65 tibetan11.png 0 356 tibetan2.png 3 337 1 1 -1 -44.0 0.298467269632 0.270231886604 0.729904976202 0.404805813565 
0 1 1 66 tibetan11.png 0 336 tibetan12.png 2 319 1 1 0 -44.0 0.267713382613 0.26406022913 0.75 0.419792512007 
0 1 1 67 tibetan11.png 0 385 tibetan5.png 1 348 0 0 -1 -45.0 0.283089340903 0.28106226032 0.75 0.443612438703 
0 1 1 68 tibetan10.png 1 409 tibetan5.png 1 332 1 0 0 -45.0 0.273656666201 0.301589275016 0.75 0.357482545341 
0 1 1 69 tibetan11.png 0 349 tibetan2.png 3 388 1 1 -1 -46.0 0.276898022137 0.300096876875 0.75 0.329124779929 
0 1 1 70 tibetan10.png 1 321 tibetan5.png 1 448 1 0 -1 -47.0 0.268800197634 0.316150450205 0.745776098312 0.306793387603 
0 1 1 71 tibetan11.png 0 436 tibetan12.png 2 448 1 1 -1 -48.0 0.275414419599 0.316375667808 0.704269006795 0.303243840587 
0 1 1 72 tibetan10.png 1 401 tibetan12.png 2 446 0 1 0 -48.0 0.299861909804 0.341438786044 0.725805098994 0.298337458754 
0 1 1 73 tibetan10.png 1 369 tibetan5.png 1 420 1 0 0 -48.0 0.312408003653 0.349690737972 0.729590618008 0.297939710916 
0 1 1 74 tibetan10.png 1 593 tibetan3.png 0 343 1 0 -1 -49.0 0.299356236359 0.299665726562 0.720215342738 0.279098355879 
0 1 1 75 tibetan10.png 1 478 tibetan2.png 3 327 0 1 -1 -50.0 0.293970192091 0.309143694381 0.709285561034 0.296316963273 
0 1 1 76 tibetan10.png 1 638 tibetan3.png 0 345 1 0 -1 -51.0 0.305744083805 0.311480745732 0.691548370372 0.309975071955 
0 1 1 77 tibetan11.png 0 503 tibetan3.png 0 437 0 0 0 -51.0 0.296152206837 0.296193840259 0.671850091288 0.309442104639 
0 1 1 78 tibetan11.png 0 339 tibetan5.png 1 392 0 0 0 -51.0 0.300898898732 0.272007354844 0.68240805534 0.282352483481 
0 1 1 79 tibetan10.png 1 534 tibetan5.png 1 310 1 0 -1 -52.0 0.292662996261 0.261070448031 0.679003722506 0.276353263064 
0 1 1 80 tibetan10.png 1 492 tibetan3.png 0 301 1 0 0 -52.0 0.352662689359 0.25 0.67081645964 0.319796327344 
0 1 1 81 tibetan10.png 1 576 tibetan5.png 1 269 1 0 -1 -53.0 0.358862706952 0.25 0.705839506326 0.29236069042 
0 1 1 82 tibetan11.png 0 599 tibetan12.png 2 344 1 1 0 -53.0 0.366424200928 0.284429440597 0.715922029742 0.30019535524 
0 1 1 83 tibetan10.png 1 125 tibetan3.png 0 121 1 0 -1 -54.0 0.343962500696 0.298882421058 0.6233212076 0.292940384212 
0 1 1 84 tibetan11.png 0 368 tibetan12.png 2 124 1 1 -1 -55.0 0.35259662825 0.276743399066 0.603978463957 0.283241607771 
0 1 1 85 tibetan11.png 0 148 tibetan2.png 3 120 1 1 -1 -56.0 0.350147304145 0.268015146301 0.60275692683 0.25 
0 1 1 86 tibetan11.png 0 169 tibetan5.png 1 125 0 0 -1 -57.0 0.380750720031 0.285412237271 0.553256069364 0.25 
0 1 1 87 tibetan10.png 1 204 tibetan3.png 0 125 1 0 -1 -58.0 0.331771094443 0.305522247353 0.535262129292 0.254113119533 
0 1 1 88 tibetan11.png 0 223 tibetan2.png 3 170 1 1 -1 -59.0 0.350676089854 0.291412641751 0.513430298514 0.254800427431 
0 1 1 89 tibetan11.png 0 224 tibetan5.png 1 177 0 0 -1 -60.0 0.335373334158 0.273633793828 0.497810273452 0.25 
0 1 1 90 tibetan11.png 0 222 tibetan2.png 3 177 1 1 -1 -61.0 0.340297718028 0.276219020195 0.48531179164 0.255341497605 
0 1 1 91 tibetan10.png 1 304 tibetan3.png 0 160 1 0 -1 -62.0 0.304945947741 0.268394256111 0.444655381225 0.25 
0 1 1 92 tibetan11.png 0 244 tibetan5.png 1 141 0 0 0 -62.0 0.268135207126 0.25 0.445636575554 0.25 
0 1 1 93 tibetan10.png 1 204 tibetan12.png 2 118 0 1 0 -62.0 0.255017942222 0.283197478664 0.458663489056 0.25 
0 1 1 94 tibetan10.png 1 266 tibetan3.png 0 121 1 0 -1 -63.0 0.272541777695 0.279771922731 0.457259908321 0.25558625552 
0 1 1 95 tibetan11.png 0 337 tibetan12.png 2 359 1 1 -1 -64.0 0.25 0.255189898086 0.481561801171 0.277390887446 
0 1 1 96 tibetan10.png 1 516 tibetan2.png 3 349 0 1 -1 -65.0 0.25 0.25 0.479977632957 0.279829581482 
0 1 1 97 tibetan10.png 1 580 tibetan5.png 1 313 1 0 -1 -66.0 0.26436651658 0.25 0.514692853622 0.272889093204 
0 1 1 98 tibetan11.png 0 579 tibetan12.png 2 445 1 1 0 -66.0 0.261061968201 0.25 0.506592439342 0.31058241194 
0 1 1 99 tibetan11.png 0 2241 tibetan12.png 2 3867 1 1 0 -66.0 0.253566832168 0.267299719442 0.495842338174 0.277673956808 
0 1 1 100 tibetan11.png 0 645 tibetan2.png 3 1120 1 1 -1 -67.0 0.25 0.306221234429 0.484498960299 0.26357234526 
0 1 1 101 tibetan10.png 1 596 tibetan3.png 0 661 1 0 -1 -68.0 0.25 0.261050694165 0.50143112434 0.25 
0 1 1 102 tibetan11.png 0 839 tibetan2.png 3 907 1 1 -1 -69.0 0.282379039199 0.250300053513 0.471588190522 0.273693278138 
0 1 1 103 tibetan10.png 1 834 tibetan3.png 0 1328 1 0 0 -69.0 0.288901339059 0.252497633236 0.494476368874 0.25 
0 1 1 104 tibetan10.png 1 498 tibetan3.png 0 697 1 0 0 -69.0 0.261979050166 0.311050035255 0.472174073954 0.312665445741 
0 1 1 105 tibetan11.png 0 418 tibetan3.png 0 885 0 0 0 -69.0 0.297888341999 0.327887465796 0.493054218069 0.31064261123 
0 1 1 106 tibetan11.png 0 217 tibetan3.png 0 394 0 0 0 -69.0 0.287866989094 0.32214150265 0.50041434504 0.325552358399 
0 1 1 107 tibetan11.png 0 122 tibetan12.png 2 114 1 1 -1 -70.0 0.261645844043 0.309492009867 0.465955350439 0.311617663003 
0 1 1 108 tibetan11.png 0 126 tibetan2.png 3 325 1 1 -1 -71.0 0.294632208469 0.281231486686 0.437352842635 0.331505260792 
0 1 1 109 tibetan11.png 0 123 tibetan5.png 1 117 0 0 -1 -72.0 0.298565887385 0.280741119086 0.488097788253 0.344670592249 
0 1 1 110 tibetan10.png 1 185 tibetan3.png 0 494 1 0 -1 -73.0 0.280147291064 0.283515451343 0.482974952836 0.360244621095 
0 1 1 111 tibetan11.png 0 327 tibetan2.png 3 121 1 1 -1 -74.0 0.266059673472 0.25 0.484227957695 0.411911701285 
0 1 1 112 tibetan11.png 0 399 tibetan3.png 0 347 0 0 0 -74.0 0.273696053305 0.284327059177 0.496920793249 0.409036538239 
0 1 1 113 tibetan11.png 0 337 tibetan2.png 3 303 1 1 -1 -75.0 0.257484699078 0.274963880383 0.489691209429 0.392030053534 
0 1 1 114 tibetan11.png 0 272 tibetan2.png 3 305 1 1 -1 -76.0 0.25 0.290554953103 0.522511903476 0.38808655048 
0 1 1 115 tibetan10.png 1 297 tibetan3.png 0 289 1 0 -1 -77.0 0.283223120939 0.291224128041 0.53692299875 0.433677779159 
0 1 1 116 tibetan10.png 1 329 tibetan5.png 1 337 1 0 -1 -78.0 0.255500078087 0.280929193379 0.566478030989 0.426382439574 
0 1 1 117 tibetan10.png 1 286 tibetan5.png 1 320 1 0 -1 -79.0 0.25 0.317228068998 0.595692235277 0.43902526251 
0 1 1 118 tibetan10.png 1 306 tibetan3.png 0 311 1 0 0 -79.0 0.25 0.314278236329 0.615251771607 0.436099150804 
0 1 1 119 tibetan11.png 0 311 tibetan2.png 3 329 1 1 0 -79.0 0.25 0.297715414517 0.607924631925 0.456083338851 
0 1 1 120 tibetan11.png 0 343 tibetan12.png 2 319 1 1 0 -79.0 0.25 0.288102866459 0.623311503937 0.459126607734 
0 1 1 121 tibetan11.png 0 539 tibetan5.png 1 340 0 0 -1 -80.0 0.25 0.267146286105 0.592716482199 0.505575058182 
0 1 1 122 tibetan10.png 1 405 tibetan12.png 2 265 0 1 0 -80.0 0.259558995077 0.25 0.583664663097 0.480770768599 
0 1 1 123 tibetan11.png 0 343 tibetan12.png 2 344 1 1 0 -80.0 0.254894727087 0.25 0.552166188921 0.496304095163 
0 1 1 124 tibetan11.png 0 295 tibetan5.png 1 308 0 0 0 -80.0 0.25532324364 0.25 0.555328262842 0.496552261473 
0 1 1 125 tibetan11.png 0 335 tibetan5.png 1 352 0 0 0 -80.0 0.25 0.251539733566 0.573690251621 0.509866730578 
0 1 1 126 tibetan11.png 0 490 tibetan12.png 2 339 1 1 0 -80.0 0.25 0.256447055553 0.615905218363 0.484403716045 
0 1 1 127 tibetan10.png 1 364 tibetan12.png 2 447 0 1 -1 -81.0 0.281674384728 0.25 0.650090487145 0.523118799147 
0 1 1 128 tibetan11.png 0 373 tibetan2.png 3 323 1 1 -1 -82.0 0.286250442631 0.279679558623 0.660415094251 0.516784183638 
0 1 1 129 tibetan10.png 1 569 tibetan5.png 1 270 1 0 -1 -83.0 0.273730739033 0.304804029647 0.673211995846 0.522346627209 
0 1 1 130 tibetan10.png 1 416 tibetan5.png 1 300 1 0 -1 -84.0 0.287412492194 0.357695740877 0.673304935473 0.516384849146 
0 1 1 131 tibetan10.png 1 525 tibetan12.png 2 246 0 1 0 -84.0 0.29740767681 0.382375007383 0.667252114501 0.535935148466 
0 1 1 132 tibetan10.png 1 589 tibetan12.png 2 541 0 1 0 -84.0 0.31243951065 0.36765529062 0.674549495648 0.527644607926 
0 1 1 133 tibetan11.png 0 325 tibetan2.png 3 474 1 1 -1 -85.0 0.277757630408 0.357630905285 0.675174503589 0.533917250092 
0 1 1 134 tibetan11.png 0 171 tibetan3.png 0 729 0 0 -1 -86.0 0.285704761418 0.370818752695 0.695776322369 0.490952906684 
0 1 1 135 tibetan11.png 0 258 tibetan12.png 2 557 1 1 0 -86.0 0.272026257615 0.378070853262 0.745478835256 0.514029393379 
0 1 1 136 tibetan11.png 0 553 tibetan2.png 3 422 1 1 0 -86.0 0.284701957136 0.330921412248 0.746521350444 0.524703590244 
0 1 1 137 tibetan11.png 0 212 tibetan2.png 3 121 1 1 -1 -87.0 0.317333031142 0.356999390042 0.749901534505 0.539041086631 
0 1 1 138 tibetan11.png 0 150 tibetan2.png 3 317 1 1 -1 -88.0 0.318007848078 0.332535880801 0.70864918177 0.562123392042 
0 1 1 139 tibetan10.png 1 344 tibetan3.png 0 296 1 0 -1 -89.0 0.318664980559 0.35964827682 0.722428702691 0.536783314381 
0 1 1 140 tibetan11.png 0 434 tibetan12.png 2 278 1 1 0 -89.0 0.314303727544 0.349565005302 0.725558125447 0.527032848676 
0 1 1 141 tibetan10.png 1 427 tibetan5.png 1 370 1 0 0 -89.0 0.32104010543 0.341015830049 0.748714625401 0.546304063453 
0 1 1 142 tibetan11.png 0 494 tibetan12.png 2 505 1 1 0 -89.0 0.327461404013 0.35348295194 0.75 0.563313047636 
0 1 1 143 tibetan10.png 1 235 tibetan12.png 2 948 0 1 -1 -90.0 0.36778009025 0.362447352953 0.729010465853 0.578276002696 
0 1 1 144 tibetan10.png 1 291 tibetan5.png 1 781 1 0 -1 -91.0 0.362443526686 0.36954738649 0.712266202801 0.625881300192 
0 1 1 145 tibetan11.png 0 315 tibetan3.png 0 1072 0 0 -1 -92.0 0.356960700346 0.356101813094 0.704692568116 0.640213877088 
0 1 1 146 tibetan11.png 0 381 tibetan3.png 0 771 0 0 -1 -93.0 0.36474360544 0.340037493258 0.696049540106 0.651694691211 
0 1 1 147 tibetan11.png 0 537 tibetan12.png 2 616 1 1 -1 -94.0 0.365306995493 0.362351151062 0.680785124612 0.607722723841 
0 1 1 148 tibetan10.png 1 347 tibetan5.png 1 675 1 0 0 -94.0 0.417226052406 0.34357995188 0.646153201116 0.637266806181 
0 1 1 149 tibetan11.png 0 468 tibetan2.png 3 845 1 1 0 -94.0 0.421895039464 0.340209693655 0.631980623938 0.66136229951 
0 1 1 150 tibetan10.png 1 593 tibetan5.png 1 816 1 0 0 -94.0 0.389197984332 0.335792624564 0.636763456959 0.622052301097 
0 1 1 151 tibetan10.png 1 750 tibetan3.png 0 151 1 0 -1 -95.0 0.35166292606 0.336652639615 0.627044407529 0.614044247166 
0 1 1 152 tibetan11.png 0 126 tibetan12.png 2 117 1 1 -1 -96.0 0.350159742695 0.369104930434 0.607022251063 0.576875654229 
0 1 1 153 tibetan10.png 1 125 tibetan2.png 3 120 0 1 0 -96.0 0.339285064774 0.388760968729 0.601185131737 0.580659866341 
0 1 1 154 tibetan11.png 0 160 tibetan2.png 3 207 1 1 0 -96.0 0.299290845697 0.364374667316 0.649039764766 0.583700314058 
0 1 1 155 tibetan11.png 0 283 tibetan2.png 3 121 1 1 0 -96.0 0.313329271165 0.335544147686 0.636395494456 0.595389738318 
0 1 1 156 tibetan10.png 1 125 tibetan3.png 0 121 1 0 -1 -97.0 0.309927355392 0.386659826115 0.631578018996 0.581034981098 
0 1 1 157 tibetan11.png 0 124 tibetan2.png 3 121 1 1 0 -97.0 0.328083303737 0.354863067362 0.595008788461 0.57283058363 
0 1 1 158 tibetan10.png 1 124 tibetan12.png 2 120 0 1 0 -97.0 0.31631971846 0.34665248871 0.619466557408 0.560381744792 
0 1 1 159 tibetan10.png 1 182 tibetan12.png 2 120 0 1 -1 -98.0 0.307581734285 0.312780314675 0.60027501399 0.589343699163 
0 1 1 160 tibetan11.png 0 729 tibetan3.png 0 145 0 0 0 -98.0 0.334045884528 0.361516979069 0.649664034271 0.596840806953 
0 1 1 161 tibetan11.png 0 246 tibetan3.png 0 182 0 0 -1 -99.0 0.350488974559 0.371388732385 0.675157559794 0.592460763883 
0 1 1 162 tibetan10.png 1 383 tibetan12.png 2 130 0 1 -1 -100.0 0.354738509726 0.402421016905 0.70114314772 0.620417436677 
0 1 1 163 tibetan10.png 1 273 tibetan3.png 0 121 1 0 0 -100.0 0.359781734381 0.430053557724 0.657203043039 0.611958357978 
0 1 1 164 tibetan11.png 0 125 tibetan2.png 3 121 1 1 0 -100.0 0.388852244006 0.42846913633 0.707859851975 0.618977271236 
0 1 1 165 tibetan11.png 0 231 tibetan12.png 2 121 1 1 -1 -101.0 0.360020708639 0.394471721288 0.728116820677 0.655037609403 
0 1 1 166 tibetan10.png 1 235 tibetan5.png 1 122 1 0 0 -101.0 0.353498462824 0.37809899478 0.706814089402 0.643130228952 
0 1 1 167 tibetan10.png 1 162 tibetan5.png 1 279 1 0 -1 -102.0 0.36025585494 0.359381843724 0.736924633776 0.645084764629 
0 1 1 168 tibetan11.png 0 499 tibetan12.png 2 521 1 1 0 -102.0 0.361126991543 0.366310918887 0.749619136383 0.66469356789 
0 1 1 169 tibetan10.png 1 136 tibetan5.png 1 493 1 0 -1 -103.0 0.324320268152 0.346891869394 0.747690285539 0.662803830881 
0 1 1 170 tibetan10.png 1 616 tibetan5.png 1 221 1 0 -1 -104.0 0.309274091099 0.359148606792 0.733566986591 0.671961106986 
0 1 1 171 tibetan11.png 0 232 tibetan3.png 0 123 0 0 0 -104.0 0.290647824574 0.362549154143 0.715651240123 0.660822239871 
0 1 1 172 tibetan11.png 0 208 tibetan3.png 0 133 0 0 -1 -105.0 0.284155303628 0.345174803992 0.685187456733 0.661371985452 
0 1 1 173 tibetan10.png 1 297 tibetan3.png 0 118 1 0 0 -105.0 0.296451042261 0.324355986699 0.712315735607 0.667157134635 
0 1 1 174 tibetan10.png 1 188 tibetan2.png 3 122 0 1 0 -105.0 0.29582722276 0.321984033196 0.717942826874 0.674976565346 
0 1 1 175 tibetan11.png 0 230 tibetan3.png 0 129 0 0 -1 -106.0 0.296365131783 0.363405903663 0.664413681137 0.618939995914 
0 1 1 176 tibetan10.png 1 175 tibetan2.png 3 133 0 1 0 -106.0 0.25 0.426837578451 0.681587044012 0.639085345211 
0 1 1 177 tibetan10.png 1 299 tibetan3.png 0 138 1 0 -1 -107.0 0.25 0.434067852741 0.713194928481 0.640089585999 
0 1 1 178 tibetan11.png 0 211 tibetan5.png 1 119 0 0 0 -107.0 0.257950644561 0.397156272923 0.702211682952 0.670473819283 
0 1 1 179 tibetan10.png 1 198 tibetan3.png 0 153 1 0 0 -107.0 0.25 0.418186953011 0.695063708902 0.640787999815 
0 1 1 180 tibetan11.png 0 204 tibetan12.png 2 227 1 1 -1 -108.0 0.25 0.399720530017 0.749202624433 0.649419155189 
0 1 1 181 tibetan11.png 0 389 tibetan3.png 0 210 0 0 -1 -109.0 0.298432268115 0.367579237971 0.738099174332 0.617195163704 
0 1 1 182 tibetan10.png 1 149 tibetan12.png 2 186 0 1 0 -109.0 0.305859677377 0.382020874822 0.75 0.609022117241 
0 1 1 183 tibetan11.png 0 271 tibetan2.png 3 121 1 1 0 -109.0 0.300681219837 0.326966577722 0.74758739408 0.625553386037 
0 1 1 184 tibetan10.png 1 152 tibetan5.png 1 142 1 0 -1 -110.0 0.315067867419 0.322346582586 0.749522069896 0.61126375744 
0 1 1 185 tibetan11.png 0 124 tibetan12.png 2 119 1 1 0 -110.0 0.301875454406 0.276678488786 0.74043576151 0.580909606787 
0 1 1 186 tibetan10.png 1 314 tibetan2.png 3 120 0 1 0 -110.0 0.294877720899 0.258331883458 0.734016647682 0.534610579114 
0 1 1 187 tibetan10.png 1 201 tibetan3.png 0 148 1 0 -1 -111.0 0.304168737505 0.25 0.75 0.511798934799 
0 1 1 188 tibetan11.png 0 387 tibetan2.png 3 288 1 1 -1 -112.0 0.302681541849 0.25 0.741408218522 0.507976199088 
0 1 1 189 tibetan10.png 1 328 tibetan12.png 2 152 0 1 0 -112.0 0.358387493742 0.281757340799 0.732954125736 0.493961498426 
0 1 1 190 tibetan11.png 0 282 tibetan5.png 1 164 0 0 0 -112.0 0.33119895295 0.25 0.75 0.494380895113 
0 1 1 191 tibetan11.png 0 292 tibetan2.png 3 216 1 1 0 -112.0 0.326791077672 0.288859777232 0.75 0.547350359317 
0 1 1 192 tibetan10.png 1 422 tibetan12.png 2 257 0 1 0 -112.0 0.328474840977 0.304190690446 0.723843439314 0.540992343015 
0 1 1 193 tibetan10.png 1 300 tibetan5.png 1 190 1 0 -1 -113.0 0.297058143595 0.295417657329 0.709786140471 0.523630465843 
0 1 1 194 tibetan11.png 0 283 tibetan12.png 2 306 1 1 0 -113.0 0.293616819276 0.321344400497 0.693729623656 0.532470914384 
0 1 1 195 tibetan11.png 0 235 tibetan12.png 2 170 1 1 0 -113.0 0.318663471017 0.294279378348 0.68767474958 0.54506223014 
0 1 1 196 tibetan11.png 0 123 tibetan5.png 1 120 0 0 -1 -114.0 0.257006065581 0.274348802712 0.670166997203 0.55648685818 
0 1 1 197 tibetan10.png 1 191 tibetan5.png 1 1373 1 0 -1 -115.0 0.276664585858 0.25 0.651982669983 0.513708229614 
0 1 1 198 tibetan10.png 1 770 tibetan5.png 1 906 1 0 -1 -116.0 0.297014712937 0.25 0.638631181492 0.540704183604 
0 1 1 199 tibetan10.png 1 749 tibetan3.png 0 1690 1 0 -1 -117.0 0.260330657852 0.25 0.664024131514 0.542163999827 
0 1 1 200 tibetan10.png 1 694 tibetan5.png 1 721 1 0 -1 -118.0 0.262814806274 0.25 0.678835937237 0.565535331799 
