4 -69 
8209 0 0 0 1 0 0 3217 0 140 -69 1 7 6 151 -101 1 8 2 62 62 NA NA 
8209 0 0 0 1 1 0 1311 1 74 -93 0 1 3 173 -85 1 10 4 78 140 NA NA 
8209 0 0 0 1 2 0 1578 1 74 -37 0 1 10 96 -69 0 3 6 61 201 NA NA 
8209 0 0 0 1 3 1 879 0 96 -109 0 3 1 140 -109 1 7 1 58 259 NA NA 
8209 0 0 0 1 4 0 0 1 107 -77 0 4 5 129 -109 1 6 1 66 325 NA NA 
8209 0 0 0 1 5 1 421 1 85 -93 0 2 3 96 -61 0 3 7 68 393 NA NA 
8209 0 0 0 1 6 0 260 1 85 -69 0 2 6 140 -101 1 7 2 39 432 NA NA 
8209 0 0 0 1 7 1 321 1 140 -53 1 7 8 74 -85 0 1 4 51 483 NA NA 
8209 0 0 0 1 8 1 720 1 151 -77 1 8 5 96 -53 0 3 8 34 517 NA NA 
8209 0 0 0 1 9 1 1135 1 118 -37 0 5 10 85 -45 0 2 9 32 549 NA NA 
8209 0 0 0 1 10 0 926 1 85 -85 0 2 4 129 -69 1 6 6 63 612 NA NA 
8209 0 0 0 1 11 0 1396 0 151 -53 1 8 8 173 -45 1 10 9 48 660 NA NA 
8209 0 0 0 1 12 0 1027 0 140 -45 1 7 9 173 -109 1 10 1 22 682 NA NA 
8209 0 0 0 1 13 1 852 0 173 -69 1 10 6 162 -101 1 9 2 14 696 NA NA 
8209 0 0 0 1 14 0 784 0 162 -53 1 9 8 140 -77 1 7 5 40 736 NA NA 
8209 0 0 0 1 15 1 332 1 118 -77 0 5 5 118 -109 0 5 1 63 799 NA NA 
8209 0 0 0 1 16 0 430 0 151 -45 1 8 9 107 -69 0 4 6 9 808 NA NA 
8209 0 0 0 1 17 1 564 1 173 -37 1 10 10 96 -77 0 3 5 61 869 NA NA 
8209 0 0 0 1 18 1 652 1 118 -69 0 5 6 107 -53 0 4 8 51 920 NA NA 
8209 0 0 0 1 19 0 1308 1 107 -101 0 4 2 173 -101 1 10 2 78 998 NA NA 
8209 0 0 0 1 20 0 946 1 74 -77 0 1 5 96 -93 0 3 3 57 1055 NA NA 
8209 0 0 0 1 21 1 742 0 140 -61 1 7 7 129 -77 1 6 5 47 1102 NA NA 
8209 0 0 0 1 22 0 786 1 107 -37 0 4 10 162 -93 1 9 3 58 1160 NA NA 
8209 0 0 0 1 23 1 623 1 173 -61 1 10 7 85 -101 0 2 2 69 1229 NA NA 
8209 0 0 0 1 24 1 609 1 118 -53 0 5 8 74 -45 0 1 9 63 1292 NA NA 
8209 0 0 0 1 25 0 600 1 107 -93 0 4 3 151 -93 1 8 3 45 1337 NA NA 
8209 0 0 0 1 26 1 1623 1 85 -77 0 2 5 74 -101 0 1 2 60 1397 NA NA 
8209 0 0 0 1 27 0 689 1 74 -109 0 1 1 129 -93 1 6 3 69 1466 NA NA 
8209 0 0 0 1 28 0 1389 0 162 -109 1 9 1 162 -61 1 9 7 40 1506 NA NA 
8209 0 0 0 1 29 1 736 0 140 -37 1 7 10 129 -61 1 6 7 37 1543 NA NA 
8209 0 0 0 1 30 1 674 1 118 -85 0 5 4 74 -53 0 1 8 66 1609 NA NA 
8209 0 0 0 1 31 0 842 0 162 -77 1 9 5 129 -85 1 6 4 -3 1606 NA NA 
8209 0 0 0 1 32 0 618 1 107 -85 0 4 4 151 -69 1 8 6 45 1651 NA NA 
8209 0 0 0 1 33 0 573 1 85 -53 0 2 8 173 -93 1 10 3 75 1726 NA NA 
8209 0 0 0 1 34 1 1169 1 85 -61 0 2 7 74 -69 0 1 6 48 1774 NA NA 
8209 0 0 0 1 35 0 610 0 140 -93 1 7 3 173 -77 1 10 5 65 1839 NA NA 
8209 0 0 0 1 36 1 1823 1 129 -53 1 6 8 118 -93 0 5 3 72 1911 NA NA 
8209 0 0 0 1 37 1 1518 1 162 -45 1 9 9 118 -45 0 5 9 60 1971 NA NA 
8209 0 0 0 1 38 0 1339 1 107 -45 0 4 9 129 -37 1 6 10 60 2031 NA NA 
8209 0 0 0 1 39 1 588 1 96 -37 0 3 10 85 -109 0 2 1 55 2086 NA NA 
8209 0 0 0 1 40 1 583 1 140 -61 1 7 7 96 -101 0 3 2 52 2138 NA NA 
8209 0 0 0 1 41 0 596 1 96 -93 0 3 3 173 -77 1 10 5 88 2226 NA NA 
8209 0 0 0 1 42 1 556 1 118 -77 0 5 5 85 -85 0 2 4 61 2287 NA NA 
8209 0 0 0 1 43 0 610 0 140 -69 1 7 6 173 -101 1 10 2 40 2327 NA NA 
8209 0 0 0 1 44 0 57 1 85 -69 0 2 6 151 -85 1 8 4 50 2377 NA NA 
8209 0 0 0 1 45 0 110 0 140 -37 1 7 10 162 -61 1 9 7 5 2382 NA NA 
8209 0 0 0 1 46 1 0 1 151 -69 1 8 6 118 -85 0 5 4 71 2453 NA NA 
8209 0 0 0 1 47 1 5 0 85 -45 0 2 9 140 -77 1 7 5 23 2476 NA NA 
8209 0 0 0 1 48 0 17 1 118 -45 0 5 9 107 -101 0 4 2 48 2524 NA NA 
8209 0 0 0 1 49 1 2193 0 129 -85 1 6 4 129 -109 1 6 1 43 2567 NA NA 
8209 0 0 0 1 50 1 297 0 129 -61 1 6 7 162 -77 1 9 5 40 2607 NA NA 
8209 0 0 0 1 51 0 295 0 151 -45 1 8 9 85 -61 0 2 7 34 2641 NA NA 
8209 0 0 0 1 52 1 601 1 162 -85 1 9 4 107 -85 0 4 4 58 2699 NA NA 
8209 0 0 0 1 53 0 909 1 85 -37 0 2 10 96 -109 0 3 1 101 2800 NA NA 
8209 0 0 0 1 54 0 598 1 74 -69 0 1 6 96 -45 0 3 9 68 2868 NA NA 
8209 0 0 0 1 55 0 553 1 74 -77 0 1 5 129 -69 1 6 6 72 2940 NA NA 
8209 0 0 0 1 56 0 976 0 140 -93 1 7 3 173 -85 1 10 4 29 2969 NA NA 
8209 0 0 0 1 57 0 4658 1 107 -77 0 4 5 129 -45 1 6 9 57 3026 NA NA 
8209 0 0 0 1 58 0 86 0 162 -101 1 9 2 74 -61 0 1 7 40 3066 NA NA 
8209 0 0 0 1 59 0 53 0 162 -45 1 9 9 151 -109 1 8 1 27 3093 NA NA 
8209 0 0 0 1 60 1 1 1 74 -101 0 1 2 85 -109 0 2 1 54 3147 NA NA 
8209 0 0 0 1 61 1 0 1 151 -93 1 8 3 118 -109 0 5 1 34 3181 NA NA 
8209 0 0 0 1 62 1 49 1 173 -69 1 10 6 118 -101 0 5 2 73 3254 NA NA 
8209 0 0 0 1 63 1 1 1 129 -77 1 6 5 74 -45 0 1 9 68 3322 NA NA 
8209 0 0 0 1 64 0 58 0 140 -53 1 7 8 107 -109 0 4 1 32 3354 NA NA 
8209 0 0 0 1 65 1 25 0 74 -37 0 1 10 173 -93 1 10 3 30 3384 NA NA 
8209 0 0 0 1 66 0 0 1 74 -93 0 1 3 129 -37 1 6 10 54 3438 NA NA 
8209 0 0 0 1 67 1 290 0 151 -37 1 8 10 162 -69 1 9 6 26 3464 NA NA 
8209 0 0 0 1 68 1 136 0 118 -93 0 5 3 129 -101 1 6 2 37 3501 NA NA 
8209 0 0 0 1 69 0 0 0 173 -109 1 10 1 151 -61 1 8 7 27 3528 NA NA 
8209 0 0 0 1 70 0 8038 0 129 -53 1 6 8 107 -93 0 4 3 35 3563 NA NA 
8209 0 0 0 1 71 1 12092 0 162 -53 1 9 8 151 -77 1 8 5 14 3577 NA NA 
8209 0 0 0 1 72 0 1616 0 129 -93 1 6 3 118 -37 0 5 10 60 3637 NA NA 
8209 0 0 0 1 73 0 1375 1 85 -77 0 2 5 118 -61 0 5 7 79 3716 NA NA 
8209 0 0 0 1 74 1 1279 1 107 -37 0 4 10 74 -85 0 1 4 58 3774 NA NA 
8209 0 0 0 1 75 1 27045 1 173 -53 1 10 8 96 -85 0 3 4 71 3845 NA NA 
8209 0 0 0 1 76 0 21796 1 74 -53 0 1 8 85 -93 0 2 3 72 3917 NA NA 
8209 0 0 0 1 77 1 558 1 173 -37 1 10 10 118 -69 0 5 6 53 3970 NA NA 
8209 0 0 0 1 78 1 619 1 173 -45 1 10 9 96 -61 0 3 7 78 4048 NA NA 
8209 0 0 0 1 79 0 601 0 162 -93 1 9 3 151 -101 1 8 2 39 4087 NA NA 
8209 0 0 0 1 80 1 585 0 173 -61 1 10 7 140 -53 1 7 8 23 4110 NA NA 
8209 0 0 0 1 81 0 655 0 140 -109 1 7 1 173 -37 1 10 10 61 4171 NA NA 
8209 0 0 0 1 82 1 695 1 107 -77 0 4 5 74 -85 0 1 4 45 4216 NA NA 
8209 0 0 0 1 83 0 1038 0 151 -53 1 8 8 140 -101 1 7 2 51 4267 NA NA 
8209 0 0 0 1 84 1 1 1 118 -61 0 5 7 96 -53 0 3 8 71 4338 NA NA 
8209 0 0 0 1 85 0 0 1 74 -69 0 1 6 118 -37 0 5 10 50 4388 NA NA 
8209 0 0 0 1 86 0 0 0 162 -77 1 9 5 151 -77 1 8 5 44 4432 NA NA 
8209 0 0 0 1 87 0 15 0 162 -101 1 9 2 96 -109 0 3 1 57 4489 NA NA 
8209 0 0 0 1 88 0 1 1 107 -53 0 4 8 162 -61 1 9 7 43 4532 NA NA 
8209 0 0 0 1 89 0 962 1 85 -69 0 2 6 129 -101 1 6 2 70 4602 NA NA 
8209 0 0 0 1 90 0 341 0 151 -37 1 8 10 107 -61 0 4 7 62 4664 NA NA 
8209 0 0 0 1 91 0 405 1 85 -45 0 2 9 118 -101 0 5 2 48 4712 NA NA 
8209 0 0 0 1 92 0 0 0 129 -61 1 6 7 129 -85 1 6 4 54 4766 NA NA 
8209 0 0 0 1 93 0 286 1 85 -37 0 2 10 85 -93 0 2 3 82 4848 NA NA 
8209 0 0 0 1 94 0 269 0 129 -45 1 6 9 107 -93 0 4 3 36 4884 NA NA 
8209 0 0 0 1 95 0 287 1 107 -85 0 4 4 173 -93 1 10 3 43 4927 NA NA 
8209 0 0 0 1 96 0 32 1 85 -53 0 2 8 173 -53 1 10 8 52 4979 NA NA 
8209 0 0 0 1 97 0 260 0 129 -109 1 6 1 151 -101 1 8 2 1 4980 NA NA 
8209 0 0 0 1 98 1 574 1 140 -61 1 7 7 107 -69 0 4 6 59 5039 NA NA 
8209 0 0 0 1 99 1 1214 1 118 -93 0 5 3 74 -93 0 1 3 52 5091 NA NA 
8209 0 0 0 1 100 1 1030 1 129 -69 1 6 6 96 -45 0 3 9 84 5175 NA NA 
8209 0 0 0 1 101 1 730 1 140 -37 1 7 10 85 -77 0 2 5 38 5213 NA NA 
8209 0 0 0 1 102 0 870 1 96 -101 0 3 2 96 -93 0 3 3 41 5254 NA NA 
8209 0 0 0 1 103 1 2942 0 173 -77 1 10 5 173 -69 1 10 6 40 5294 NA NA 
8209 0 0 0 1 104 0 908 1 74 -53 0 1 8 129 -53 1 6 8 86 5380 NA NA 
8209 0 0 0 1 105 1 2083 1 151 -45 1 8 9 74 -77 0 1 5 72 5452 NA NA 
8209 0 0 0 1 106 0 1006 1 74 -61 0 1 7 96 -85 0 3 4 40 5492 NA NA 
8209 0 0 0 1 107 0 1835 0 129 -37 1 6 10 173 -85 1 10 4 36 5528 NA NA 
8209 0 0 0 1 108 1 1446 0 107 -45 0 4 9 162 -45 1 9 9 36 5564 NA NA 
8209 0 0 0 1 109 0 1306 0 162 -93 1 9 3 118 -77 0 5 5 44 5608 NA NA 
8209 0 0 0 1 110 1 1280 0 140 -77 1 7 5 151 -93 1 8 3 48 5656 NA NA 
8209 0 0 0 1 111 0 615 1 96 -69 0 3 6 151 -69 1 8 6 55 5711 NA NA 
8209 0 0 0 1 112 0 822 1 85 -61 0 2 7 140 -69 1 7 6 65 5776 NA NA 
8209 0 0 0 1 113 1 0 0 129 -93 1 6 3 151 -109 1 8 1 64 5840 NA NA 
8209 0 0 0 1 114 1 29 0 96 -77 0 3 5 173 -45 1 10 9 21 5861 NA NA 
8209 0 0 0 1 115 1 1 1 107 -37 0 4 10 96 -61 0 3 7 62 5923 NA NA 
8209 0 0 0 1 116 1 0 1 96 -37 0 3 10 118 -109 0 5 1 38 5961 NA NA 
8209 0 0 0 1 117 0 19 0 151 -85 1 8 4 162 -69 1 9 6 27 5988 NA NA 
8209 0 0 0 1 118 1 15 1 129 -77 1 6 5 74 -45 0 1 9 47 6035 NA NA 
8209 0 0 0 1 119 1 16 1 140 -45 1 7 9 74 -101 0 1 2 57 6092 NA NA 
8209 0 0 0 1 120 1 0 1 162 -85 1 9 4 96 -77 0 3 5 60 6152 NA NA 
8209 0 0 0 1 121 1 1 0 96 -61 0 3 7 173 -37 1 10 10 25 6177 NA NA 
8209 0 0 0 1 122 1 86 1 173 -93 1 10 3 85 -109 0 2 1 60 6237 NA NA 
8209 0 0 0 1 123 0 48 0 140 -93 1 7 3 129 -53 1 6 8 39 6276 NA NA 
8209 0 0 0 1 124 1 1 1 129 -101 1 6 2 85 -45 0 2 9 74 6350 NA NA 
8209 0 0 0 1 125 1 1 0 129 -37 1 6 10 173 -53 1 10 8 33 6383 NA NA 
8209 0 0 0 1 126 0 1 0 129 -109 1 6 1 151 -37 1 8 10 62 6445 NA NA 
8209 0 0 0 1 127 0 1 1 85 -61 0 2 7 140 -69 1 7 6 52 6497 NA NA 
8209 0 0 0 1 128 0 111 1 107 -61 0 4 7 74 -85 0 1 4 77 6574 NA NA 
8209 0 0 0 1 129 0 1 1 74 -109 0 1 1 85 -77 0 2 5 80 6654 NA NA 
8209 0 0 0 1 130 1 0 1 140 -85 1 7 4 96 -109 0 3 1 44 6698 NA NA 
8209 0 0 0 1 131 0 0 1 74 -77 0 1 5 118 -37 0 5 10 89 6787 NA NA 
8209 0 0 0 1 132 1 1 1 96 -45 0 3 9 118 -45 0 5 9 34 6821 NA NA 
8209 0 0 0 1 133 0 89 1 74 -53 0 1 8 118 -93 0 5 3 69 6890 NA NA 
8209 0 0 0 1 134 1 0 1 173 -101 1 10 2 107 -77 0 4 5 61 6951 NA NA 
8209 0 0 0 1 135 0 0 1 118 -69 0 5 6 140 -53 1 7 8 35 6986 NA NA 
8209 0 0 0 1 136 1 28 1 173 -69 1 10 6 107 -53 0 4 8 49 7035 NA NA 
8209 0 0 0 1 137 1 1 1 74 -37 0 1 10 96 -53 0 3 8 64 7099 NA NA 
8209 0 0 0 1 138 0 1 1 96 -69 0 3 6 118 -109 0 5 1 82 7181 NA NA 
8209 0 0 0 1 139 0 1 0 151 -93 1 8 3 85 -85 0 2 4 50 7231 NA NA 
8209 0 0 0 1 140 1 99 1 151 -85 1 8 4 74 -69 0 1 6 57 7288 NA NA 
8209 0 0 0 1 141 1 92 1 129 -69 1 6 6 85 -101 0 2 2 62 7350 NA NA 
8209 0 0 0 1 142 0 0 1 96 -93 0 3 3 162 -53 1 9 8 39 7389 NA NA 
8209 0 0 0 1 143 1 49 0 140 -77 1 7 5 173 -45 1 10 9 45 7434 NA NA 
8209 0 0 0 1 144 0 0 0 162 -69 1 9 6 107 -85 0 4 4 34 7468 NA NA 
8209 0 0 0 1 145 0 1 0 129 -45 1 6 9 96 -85 0 3 4 62 7530 NA NA 
8209 0 0 0 1 146 0 7 1 85 -37 0 2 10 129 -85 1 6 4 76 7606 NA NA 
8209 0 0 0 1 147 0 1587 0 162 -77 1 9 5 151 -45 1 8 9 60 7666 NA NA 
8209 0 0 0 1 148 0 1 1 107 -101 0 4 2 96 -101 0 3 2 74 7740 NA NA 
8209 0 0 0 1 149 0 1523 1 74 -45 0 1 9 85 -93 0 2 3 60 7800 NA NA 
8209 0 0 0 1 150 1 437 0 173 -77 1 10 5 162 -61 1 9 7 31 7831 NA NA 
8209 0 0 0 1 151 0 208 1 118 -101 0 5 2 74 -93 0 1 3 49 7880 NA NA 
8209 0 0 0 1 152 1 0 1 162 -109 1 9 1 118 -53 0 5 8 50 7930 NA NA 
8209 0 0 0 1 153 1 51 0 173 -85 1 10 4 129 -93 1 6 3 38 7968 NA NA 
8209 0 0 0 1 154 1 17 1 96 -37 0 3 10 85 -69 0 2 6 41 8009 NA NA 
8209 0 0 0 1 155 0 73 0 162 -45 1 9 9 140 -45 1 7 9 33 8042 NA NA 
8209 0 0 0 1 156 0 83 0 151 -109 1 8 1 107 -45 0 4 9 38 8080 NA NA 
8209 0 0 0 1 157 1 16 0 151 -101 1 8 2 140 -101 1 7 2 42 8122 NA NA 
8209 0 0 0 1 158 1 31 0 107 -37 0 4 10 140 -109 1 7 1 24 8146 NA NA 
8209 0 0 0 1 159 0 72 0 151 -61 1 8 7 74 -101 0 1 2 83 8229 NA NA 
8209 0 0 0 1 160 0 0 1 96 -69 0 3 6 162 -37 1 9 10 58 8287 NA NA 
8209 0 0 0 1 161 0 959 1 74 -85 0 1 4 85 -53 0 2 8 53 8340 NA NA 
8209 0 0 0 1 162 0 34 1 85 -69 0 2 6 162 -101 1 9 2 56 8396 NA NA 
8209 0 0 0 1 163 1 1 1 173 -69 1 10 6 96 -45 0 3 9 57 8453 NA NA 
8209 0 0 0 1 164 0 156 1 118 -45 0 5 9 129 -61 1 6 7 68 8521 NA NA 
8209 0 0 0 1 165 0 148 0 129 -85 1 6 4 107 -93 0 4 3 40 8561 NA NA 
8209 0 0 0 1 166 1 139 1 96 -109 0 3 1 85 -109 0 2 1 54 8615 NA NA 
8209 0 0 0 1 167 1 2 0 140 -77 1 7 5 151 -77 1 8 5 27 8642 NA NA 
8209 0 0 0 1 168 1 1 1 173 -85 1 10 4 96 -53 0 3 8 58 8700 NA NA 
8209 0 0 0 1 169 0 0 1 96 -93 0 3 3 140 -93 1 7 3 86 8786 NA NA 
8209 0 0 0 1 170 0 137 1 85 -77 0 2 5 118 -93 0 5 3 76 8862 NA NA 
8209 0 0 0 1 171 1 31 0 107 -101 0 4 2 140 -45 1 7 9 27 8889 NA NA 
8209 0 0 0 1 172 0 13 1 118 -37 0 5 10 107 -53 0 4 8 65 8954 NA NA 
8209 0 0 0 1 173 0 0 0 173 -45 1 10 9 107 -69 0 4 6 36 8990 NA NA 
8209 0 0 0 1 174 0 39 0 151 -93 1 8 3 140 -101 1 7 2 49 9039 NA NA 
8209 0 0 0 1 175 1 0 0 74 -77 0 1 5 151 -37 1 8 10 35 9074 NA NA 
8209 0 0 0 1 176 1 0 0 107 -85 0 4 4 151 -53 1 8 8 40 9114 NA NA 
8209 0 0 0 1 177 0 544 0 129 -77 1 6 5 173 -93 1 10 3 39 9153 NA NA 
8209 0 0 0 1 178 0 1 0 140 -109 1 7 1 129 -109 1 6 1 66 9219 NA NA 
8209 0 0 0 1 179 0 0 1 74 -109 0 1 1 96 -85 0 3 4 68 9287 NA NA 
8209 0 0 0 1 180 0 1 0 162 -45 1 9 9 74 -37 0 1 10 10 9297 NA NA 
8209 0 0 0 1 181 0 1176 0 162 -53 1 9 8 129 -45 1 6 9 45 9342 NA NA 
8209 0 0 0 1 182 1 0 1 96 -101 0 3 2 85 -45 0 2 9 51 9393 NA NA 
8209 0 0 0 1 183 1 512 1 140 -61 1 7 7 74 -45 0 1 9 39 9432 NA NA 
8209 0 0 0 1 184 0 0 1 74 -101 0 1 2 85 -61 0 2 7 46 9478 NA NA 
8209 0 0 0 1 185 1 1 0 129 -101 1 6 2 151 -109 1 8 1 44 9522 NA NA 
8209 0 0 0 1 186 1 1 0 162 -85 1 9 4 162 -109 1 9 1 64 9586 NA NA 
8209 0 0 0 1 187 0 18 0 151 -61 1 8 7 118 -101 0 5 2 42 9628 NA NA 
8209 0 0 0 1 188 1 27 1 107 -45 0 4 9 107 -37 0 4 10 64 9692 NA NA 
8209 0 0 0 1 189 0 88 1 74 -93 0 1 3 96 -77 0 3 5 60 9752 NA NA 
8209 0 0 0 1 190 0 0 0 173 -37 1 10 10 107 -61 0 4 7 47 9799 NA NA 
8209 0 0 0 1 191 1 8606 1 118 -69 0 5 6 118 -85 0 5 4 52 9851 NA NA 
8209 0 0 0 1 192 1 223 0 173 -53 1 10 8 162 -77 1 9 5 42 9893 NA NA 
8209 0 0 0 1 193 1 191 1 118 -53 0 5 8 107 -109 0 4 1 46 9939 NA NA 
8209 0 0 0 1 194 1 770 0 162 -93 1 9 3 173 -109 1 10 1 30 9969 NA NA 
8209 0 0 0 1 195 1 317 1 140 -69 1 7 6 74 -69 0 1 6 76 10045 NA NA 
8209 0 0 0 1 196 0 0 0 151 -101 1 8 2 129 -37 1 6 10 40 10085 NA NA 
8209 0 0 0 1 197 1 108 1 151 -69 1 8 6 96 -61 0 3 7 70 10155 NA NA 
8209 0 0 0 1 198 0 1 0 140 -37 1 7 10 173 -101 1 10 2 42 10197 NA NA 
8209 0 0 0 1 199 1 1261 1 85 -93 0 2 3 74 -61 0 1 7 60 10257 NA NA 
8209 0 0 0 1 200 0 75 0 162 -61 1 9 7 129 -53 1 6 8 56 10313 NA NA 
8209 0 0 0 1 201 0 0 1 118 -61 0 5 7 151 -61 1 8 7 81 10394 NA NA 
8209 0 0 0 1 202 0 67 1 107 -37 0 4 10 129 -85 1 6 4 60 10454 NA NA 
8209 0 0 0 1 203 0 110 0 162 -93 1 9 3 85 -109 0 2 1 64 10518 NA NA 
8209 0 0 0 1 204 1 103 1 118 -93 0 5 3 74 -93 0 1 3 78 10596 NA NA 
8209 0 0 0 1 205 0 0 0 162 -109 1 9 1 96 -45 0 3 9 40 10636 NA NA 
8209 0 0 0 1 206 0 1 1 74 -85 0 1 4 140 -45 1 7 9 63 10699 NA NA 
8209 0 0 0 1 207 0 1 1 96 -77 0 3 5 74 -37 0 1 10 67 10766 NA NA 
8209 0 0 0 1 208 1 1 0 118 -85 0 5 4 151 -101 1 8 2 27 10793 NA NA 
8209 0 0 0 1 209 0 0 0 129 -93 1 6 3 96 -93 0 3 3 43 10836 NA NA 
8209 0 0 0 1 210 1 33 1 118 -37 0 5 10 118 -77 0 5 5 79 10915 NA NA 
8209 0 0 0 1 211 1 0 0 85 -61 0 2 7 140 -53 1 7 8 64 10979 NA NA 
8209 0 0 0 1 212 1 1 1 107 -77 0 4 5 74 -101 0 1 2 72 11051 NA NA 
8209 0 0 0 1 213 1 0 0 118 -69 0 5 6 162 -101 1 9 2 51 11102 NA NA 
8209 0 0 0 1 214 1 0 1 162 -77 1 9 5 74 -61 0 1 7 63 11165 NA NA 
8209 0 0 0 1 215 1 5 1 74 -53 0 1 8 85 -53 0 2 8 50 11215 NA NA 
8209 0 0 0 1 216 0 0 1 96 -69 0 3 6 129 -69 1 6 6 58 11273 NA NA 
8209 0 0 0 1 217 0 91 0 129 -37 1 6 10 118 -101 0 5 2 30 11303 NA NA 
8209 0 0 0 1 218 1 20 1 162 -45 1 9 9 85 -101 0 2 2 45 11348 NA NA 
8209 0 0 0 1 219 1 0 1 162 -69 1 9 6 96 -37 0 3 10 91 11439 NA NA 
8209 0 0 0 1 220 0 35 0 151 -69 1 8 6 107 -93 0 4 3 50 11489 NA NA 
8209 0 0 0 1 221 0 0 1 85 -85 0 2 4 118 -109 0 5 1 44 11533 NA NA 
8209 0 0 0 1 222 1 0 0 129 -109 1 6 1 162 -85 1 9 4 55 11588 NA NA 
8209 0 0 0 1 223 0 0 1 118 -45 0 5 9 151 -53 1 8 8 58 11646 NA NA 
8209 0 0 0 1 224 0 801 1 85 -45 0 2 9 129 -77 1 6 5 54 11700 NA NA 
8209 0 0 0 1 225 0 0 1 96 -53 0 3 8 151 -93 1 8 3 73 11773 NA NA 
8209 0 0 0 1 226 1 1 0 140 -61 1 7 7 129 -45 1 6 9 22 11795 NA NA 
8209 0 0 0 1 227 0 104 1 107 -85 0 4 4 173 -93 1 10 3 49 11844 NA NA 
8209 0 0 0 1 228 1 63 1 151 -109 1 8 1 96 -85 0 3 4 72 11916 NA NA 
8209 0 0 0 1 229 0 1 0 140 -69 1 7 6 74 -77 0 1 5 30 11946 NA NA 
8209 0 0 0 1 230 0 0 0 140 -77 1 7 5 173 -101 1 10 2 34 11980 NA NA 
8209 0 0 0 1 231 0 1 0 129 -101 1 6 2 96 -61 0 3 7 33 12013 NA NA 
8209 0 0 0 1 232 0 1 1 85 -69 0 2 6 129 -61 1 6 7 54 12067 NA NA 
8209 0 0 0 1 233 0 108 1 107 -69 0 4 6 173 -61 1 10 7 77 12144 NA NA 
8209 0 0 0 1 234 0 0 1 107 -101 0 4 2 85 -93 0 2 3 57 12201 NA NA 
8209 0 0 0 1 235 0 36 1 85 -37 0 2 10 173 -109 1 10 1 66 12267 NA NA 
8209 0 0 0 1 236 1 126 0 173 -69 1 10 6 162 -53 1 9 8 29 12296 NA NA 
8209 0 0 0 1 237 0 0 0 173 -37 1 10 10 107 -61 0 4 7 36 12332 NA NA 
8209 0 0 0 1 238 0 0 0 151 -37 1 8 10 74 -109 0 1 1 47 12379 NA NA 
8209 0 0 0 1 239 1 0 1 74 -69 0 1 6 107 -53 0 4 8 31 12410 NA NA 
8209 0 0 0 1 240 0 0 1 96 -37 0 3 10 74 -53 0 1 8 45 12455 NA NA 
8209 0 0 0 1 241 0 0 0 173 -109 1 10 1 151 -37 1 8 10 53 12508 NA NA 
8209 0 0 0 1 242 1 1 0 151 -101 1 8 2 173 -93 1 10 3 40 12548 NA NA 
8209 0 0 0 1 243 0 1 1 74 -85 0 1 4 96 -85 0 3 4 59 12607 NA NA 
8209 0 0 0 1 244 0 23 0 129 -69 1 6 6 85 -45 0 2 9 55 12662 NA NA 
8209 0 0 0 1 245 0 0 0 140 -69 1 7 6 118 -53 0 5 8 48 12710 NA NA 
8209 0 0 0 1 246 0 0 1 85 -109 0 2 1 151 -109 1 8 1 32 12742 NA NA 
8209 0 0 0 1 247 1 75 0 85 -61 0 2 7 173 -37 1 10 10 67 12809 NA NA 
8209 0 0 0 1 248 0 83 1 107 -69 0 4 6 74 -109 0 1 1 70 12879 NA NA 
8209 0 0 0 1 249 1 1451 0 118 -69 0 5 6 162 -101 1 9 2 41 12920 NA NA 
8209 0 0 0 1 250 0 58 0 151 -93 1 8 3 151 -69 1 8 6 52 12972 NA NA 
8209 0 0 0 1 251 0 55 0 140 -85 1 7 4 118 -45 0 5 9 55 13027 NA NA 
8209 0 0 0 1 252 1 0 0 118 -77 0 5 5 151 -85 1 8 4 53 13080 NA NA 
8209 0 0 0 1 253 0 0 1 118 -85 0 5 4 173 -101 1 10 2 43 13123 NA NA 
8209 0 0 0 1 254 0 1 0 140 -101 1 7 2 74 -93 0 1 3 64 13187 NA NA 
8209 0 0 0 1 255 1 75 1 96 -45 0 3 9 96 -77 0 3 5 38 13225 NA NA 
8209 0 0 0 1 256 0 148 1 96 -61 0 3 7 162 -85 1 9 4 57 13282 NA NA 
8209 0 0 0 1 257 1 1 1 151 -77 1 8 5 74 -61 0 1 7 60 13342 NA NA 
8209 0 0 0 1 258 0 1 0 162 -109 1 9 1 129 -77 1 6 5 39 13381 NA NA 
8209 0 0 0 1 259 0 21 1 74 -77 0 1 5 118 -61 0 5 7 58 13439 NA NA 
8209 0 0 0 1 260 0 66 0 162 -77 1 9 5 140 -61 1 7 7 47 13486 NA NA 
8209 0 0 0 1 261 0 74 1 96 -53 0 3 8 162 -45 1 9 9 60 13546 NA NA 
8209 0 0 0 1 262 0 0 0 129 -37 1 6 10 151 -45 1 8 9 67 13613 NA NA 
8209 0 0 0 1 263 1 1 0 151 -61 1 8 7 173 -77 1 10 5 35 13648 NA NA 
8209 0 0 0 1 264 0 1 0 129 -61 1 6 7 118 -101 0 5 2 38 13686 NA NA 
8209 0 0 0 1 265 1 12 1 96 -69 0 3 6 85 -69 0 2 6 81 13767 NA NA 
8209 0 0 0 1 266 0 1 0 140 -37 1 7 10 140 -93 1 7 3 40 13807 NA NA 
8209 0 0 0 1 267 1 8 1 74 -45 0 1 9 85 -85 0 2 4 43 13850 NA NA 
8209 0 0 0 1 268 0 26 1 85 -53 0 2 8 173 -85 1 10 4 60 13910 NA NA 
8209 0 0 0 1 269 1 319 1 140 -53 1 7 8 96 -109 0 3 1 48 13958 NA NA 
8209 0 0 0 1 270 0 128 1 85 -93 0 2 3 129 -101 1 6 2 80 14038 NA NA 
8209 0 0 0 1 271 1 0 0 151 -53 1 8 8 129 -53 1 6 8 35 14073 NA NA 
8209 0 0 0 1 272 1 0 0 107 -109 0 4 1 140 -77 1 7 5 41 14114 NA NA 
8209 0 0 0 1 273 0 18 0 173 -69 1 10 6 162 -37 1 9 10 85 14199 NA NA 
8209 0 0 0 1 274 0 1 1 118 -93 0 5 3 107 -93 0 4 3 55 14254 NA NA 
8209 0 0 0 1 275 1 1 1 74 -69 0 1 6 85 -77 0 2 5 76 14330 NA NA 
8209 0 0 0 1 276 0 0 0 140 -109 1 7 1 162 -93 1 9 3 56 14386 NA NA 
8209 0 0 0 1 277 1 1 0 129 -93 1 6 3 129 -109 1 6 1 36 14422 NA NA 
8209 0 0 0 1 278 0 1 0 129 -85 1 6 4 129 -45 1 6 9 61 14483 NA NA 
8209 0 0 0 1 279 1 129 0 107 -85 0 4 4 173 -61 1 10 7 43 14526 NA NA 
8209 0 0 0 1 280 0 0 0 151 -85 1 8 4 140 -53 1 7 8 29 14555 NA NA 
8209 0 0 0 1 281 0 0 0 140 -101 1 7 2 118 -45 0 5 9 34 14589 NA NA 
8209 0 0 0 1 282 0 1 0 151 -69 1 8 6 151 -61 1 8 7 26 14615 NA NA 
8209 0 0 0 1 283 0 0 1 85 -77 0 2 5 118 -69 0 5 6 67 14682 NA NA 
8209 0 0 0 1 284 0 1 1 85 -101 0 2 2 96 -61 0 3 7 67 14749 NA NA 
8209 0 0 0 1 285 1 0 1 162 -109 1 9 1 74 -85 0 1 4 65 14814 NA NA 
8209 0 0 0 1 286 1 116 0 162 -77 1 9 5 140 -37 1 7 10 24 14838 NA NA 
8209 0 0 0 1 287 1 99 1 107 -101 0 4 2 118 -53 0 5 8 72 14910 NA NA 
8209 0 0 0 1 288 0 1 0 140 -93 1 7 3 129 -85 1 6 4 40 14950 NA NA 
8209 0 0 0 1 289 1 0 1 74 -69 0 1 6 107 -45 0 4 9 43 14993 NA NA 
8209 0 0 0 1 290 0 1 1 107 -69 0 4 6 118 -37 0 5 10 57 15050 NA NA 
8209 0 0 0 1 291 0 1 0 173 -37 1 10 10 96 -77 0 3 5 40 15090 NA NA 
8209 0 0 0 1 292 1 1 0 85 -37 0 2 10 140 -77 1 7 5 27 15117 NA NA 
8209 0 0 0 1 293 1 0 0 151 -53 1 8 8 140 -61 1 7 7 49 15166 NA NA 
8209 0 0 0 1 294 0 0 0 162 -93 1 9 3 173 -109 1 10 1 18 15184 NA NA 
8209 0 0 0 1 295 1 0 0 85 -53 0 2 8 173 -85 1 10 4 50 15234 NA NA 
8209 0 0 0 1 296 1 23 1 151 -101 1 8 2 118 -77 0 5 5 53 15287 NA NA 
8209 0 0 0 1 297 1 11 1 140 -69 1 7 6 74 -61 0 1 7 67 15354 NA NA 
8209 0 0 0 1 298 0 42 1 118 -93 0 5 3 162 -101 1 9 2 53 15407 NA NA 
8209 0 0 0 1 299 0 1374 1 107 -109 0 4 1 173 -93 1 10 3 71 15478 NA NA 
8209 0 0 0 2 300 6 3743 NA 74 -109 0 1 1 74 -37 0 1 10 NA 15478 1 0 
8209 0 0 0 2 301 4 1845 NA 107 -109 0 4 1 107 -85 0 4 4 NA 15478 1 1 
8209 0 0 0 2 302 1 664 NA 74 -37 0 1 10 173 -109 1 10 1 NA 15478 2 0 
8209 0 0 0 2 303 1 392 NA 85 -101 0 2 2 162 -45 1 9 9 NA 15478 2 0 
8209 0 0 0 2 304 2 2632 NA 107 -85 0 4 4 140 -109 1 7 1 NA 15478 2 1 
8209 0 0 0 2 305 5 2072 NA 74 -109 0 1 1 74 -85 0 1 4 NA 15478 1 1 
8209 0 0 0 2 306 4 1452 NA 107 -61 0 4 7 107 -37 0 4 10 NA 15478 1 1 
8209 0 0 0 2 307 6 2007 NA 140 -61 1 7 7 107 -61 0 4 7 NA 15478 0 2 
8209 0 0 0 2 308 6 1224 NA 96 -93 0 3 3 96 -53 0 3 8 NA 15478 1 0 
8209 0 0 0 2 309 2 760 NA 74 -109 0 1 1 173 -37 1 10 10 NA 15478 2 0 
8209 0 0 0 2 310 3 988 NA 96 -93 0 3 3 151 -53 1 8 8 NA 15478 2 0 
8209 0 0 0 2 311 4 2729 NA 74 -61 0 1 7 107 -85 0 4 4 NA 15478 2 1 
8209 0 0 0 2 312 6 886 NA 107 -85 0 4 4 107 -61 0 4 7 NA 15478 1 2 
8209 0 0 0 2 313 1 1704 NA 140 -61 1 7 7 173 -85 1 10 4 NA 15478 2 1 
8209 0 0 0 2 314 3 1176 NA 74 -109 0 1 1 107 -109 0 4 1 NA 15478 0 1 
8209 0 0 0 2 315 4 1467 NA 74 -37 0 1 10 107 -37 0 4 10 NA 15478 0 1 
8209 0 0 0 2 316 5 6378 NA 74 -85 0 1 4 107 -85 0 4 4 NA 15478 0 1 
8209 0 0 0 2 317 5 1416 NA 85 -101 0 2 2 85 -45 0 2 9 NA 15478 1 0 
8209 0 0 0 2 318 3 4422 NA 74 -85 0 1 4 107 -61 0 4 7 NA 15478 2 1 
8209 0 0 0 2 319 7 1400 NA 118 -77 0 5 5 129 -69 1 6 6 NA 15478 2 0 
8209 0 0 0 2 320 4 1131 NA 74 -61 0 1 7 107 -37 0 4 10 NA 15478 2 1 
8209 0 0 0 2 321 2 200 NA 107 -61 0 4 7 140 -85 1 7 4 NA 15478 2 2 
8209 0 0 0 2 322 2 104 NA 85 -101 0 2 2 162 -101 1 9 2 NA 15478 0 0 
8209 0 0 0 2 323 4 1351 NA 107 -37 0 4 10 140 -37 1 7 10 NA 15478 0 1 
8209 0 0 0 2 324 2 2456 NA 74 -109 0 1 1 107 -85 0 4 4 NA 15478 2 1 
8209 0 0 0 2 325 1 141 NA 85 -45 0 2 9 162 -101 1 9 2 NA 15478 2 0 
8209 0 0 0 2 326 2 1081 NA 107 -85 0 4 4 140 -85 1 7 4 NA 15478 0 2 
8209 0 0 0 2 327 2 969 NA 74 -85 0 1 4 107 -109 0 4 1 NA 15478 2 1 
8209 0 0 0 2 328 7 1897 NA 140 -109 1 7 1 173 -109 1 10 1 NA 15478 0 1 
8209 0 0 0 2 329 6 1467 NA 140 -85 1 7 4 173 -85 1 10 4 NA 15478 0 1 
8209 0 0 0 2 330 3 1752 NA 107 -85 0 4 4 140 -61 1 7 7 NA 15478 2 2 
8209 0 0 0 2 331 5 1432 NA 140 -37 1 7 10 173 -37 1 10 10 NA 15478 0 1 
8209 0 0 0 2 332 4 1097 NA 107 -109 0 4 1 140 -85 1 7 4 NA 15478 2 1 
8209 0 0 0 2 333 3 1128 NA 140 -37 1 7 10 173 -61 1 10 7 NA 15478 2 1 
8209 0 0 0 2 334 4 1037 NA 140 -85 1 7 4 173 -61 1 10 7 NA 15478 2 1 
8209 0 0 0 2 335 5 1337 NA 129 -69 1 6 6 118 -69 0 5 6 NA 15478 0 0 
8209 0 0 0 2 336 1 1176 NA 74 -109 0 1 1 173 -109 1 10 1 NA 15478 0 0 
8209 0 0 0 2 337 4 2455 NA 151 -53 1 8 8 151 -93 1 8 3 NA 15478 1 0 
8209 0 0 0 2 338 2 2120 NA 151 -53 1 8 8 96 -53 0 3 8 NA 15478 0 0 
8209 0 0 0 2 339 4 1196 NA 140 -61 1 7 7 173 -37 1 10 10 NA 15478 2 1 
8209 0 0 0 2 340 1 567 NA 173 -37 1 10 10 74 -37 0 1 10 NA 15478 0 0 
8209 0 0 0 2 341 7 953 NA 118 -77 0 5 5 129 -77 1 6 5 NA 15478 0 0 
8209 0 0 0 2 342 3 280 NA 140 -61 1 7 7 140 -85 1 7 4 NA 15478 1 2 
8209 0 0 0 2 343 6 839 NA 140 -109 1 7 1 140 -85 1 7 4 NA 15478 1 1 
8209 0 0 0 2 344 6 686 NA 173 -109 1 10 1 173 -85 1 10 4 NA 15478 1 1 
8209 0 0 0 2 345 6 569 NA 162 -45 1 9 9 162 -101 1 9 2 NA 15478 1 0 
8209 0 0 0 2 346 6 983 NA 173 -37 1 10 10 173 -109 1 10 1 NA 15478 1 0 
8209 0 0 0 2 347 6 358 NA 140 -61 1 7 7 173 -61 1 10 7 NA 15478 0 1 
8209 0 0 0 2 348 6 1259 NA 74 -37 0 1 10 107 -61 0 4 7 NA 15478 2 1 
8209 0 0 0 2 349 5 2647 NA 107 -61 0 4 7 140 -37 1 7 10 NA 15478 2 1 
8209 0 0 0 2 350 4 1063 NA 107 -109 0 4 1 140 -109 1 7 1 NA 15478 0 1 
8209 0 0 0 2 351 7 697 NA 118 -77 0 5 5 118 -69 0 5 6 NA 15478 1 0 
8209 0 0 0 2 352 6 952 NA 74 -85 0 1 4 74 -61 0 1 7 NA 15478 1 1 
8209 0 0 0 2 353 5 3070 NA 96 -93 0 3 3 151 -93 1 8 3 NA 15478 0 0 
8209 0 0 0 2 354 5 2487 NA 74 -61 0 1 7 107 -61 0 4 7 NA 15478 0 1 
8209 0 0 0 2 355 4 1110 NA 140 -109 1 7 1 173 -85 1 10 4 NA 15478 2 1 
8209 0 0 0 2 356 1 2423 NA 162 -45 1 9 9 85 -45 0 2 9 NA 15478 0 0 
8209 0 0 0 2 357 1 7913 NA 96 -53 0 3 8 151 -93 1 8 3 NA 15478 2 0 
8209 0 0 0 2 358 1 11676 NA 74 -61 0 1 7 74 -37 0 1 10 NA 15478 1 1 
8209 0 0 0 2 359 1 1480 NA 118 -69 0 5 6 129 -77 1 6 5 NA 15478 2 0 
8209 0 0 0 2 360 5 2002 NA 173 -61 1 10 7 173 -37 1 10 10 NA 15478 1 1 
8209 0 0 0 2 361 4 952 NA 140 -85 1 7 4 173 -109 1 10 1 NA 15478 2 1 
8209 0 0 0 2 362 7 1576 NA 129 -69 1 6 6 129 -77 1 6 5 NA 15478 1 0 
8209 0 0 0 2 363 3 2346 NA 107 -37 0 4 10 140 -61 1 7 7 NA 15478 2 1 
8209 0 0 0 2 364 5 2440 NA 173 -85 1 10 4 173 -61 1 10 7 NA 15478 1 1 
8209 0 0 0 2 365 4 1064 NA 140 -61 1 7 7 140 -37 1 7 10 NA 15478 1 1 
8209 0 0 0 3 366 0 8592 1 107 -61 0 4 7 NA NA NA NA NA NA 15478 NA NA 
8209 0 0 0 3 367 0 1452 1 107 -77 0 4 5 NA NA NA NA NA NA 15478 NA NA 
8209 0 0 0 3 368 0 1746 0 129 -109 1 6 1 NA NA NA NA NA NA 15478 NA NA 
8209 0 0 0 3 369 0 4910 1 85 -93 0 2 3 NA NA NA NA NA NA 15478 NA NA 
8209 0 0 0 3 370 0 28203 1 96 -69 0 3 6 NA NA NA NA NA NA 15478 NA NA 
8209 0 0 0 3 371 1 1171 1 151 -109 1 8 1 NA NA NA NA NA NA 15478 NA NA 
8209 0 0 0 3 372 1 806 1 173 -109 1 10 1 NA NA NA NA NA NA 15478 NA NA 
8209 0 0 0 3 373 0 854 1 107 -45 0 4 9 NA NA NA NA NA NA 15478 NA NA 
8209 0 0 0 3 374 1 2758 1 129 -93 1 6 3 NA NA NA NA NA NA 15478 NA NA 
8209 0 0 0 3 375 0 914 1 118 -37 0 5 10 NA NA NA NA NA NA 15478 NA NA 
8209 0 0 0 3 376 0 1695 0 151 -77 1 8 5 NA NA NA NA NA NA 15478 NA NA 
8209 0 0 0 3 377 0 1258 1 74 -69 0 1 6 NA NA NA NA NA NA 15478 NA NA 
8209 0 0 0 3 378 0 776 0 129 -77 1 6 5 NA NA NA NA NA NA 15478 NA NA 
8209 0 0 0 3 379 0 782 1 85 -61 0 2 7 NA NA NA NA NA NA 15478 NA NA 
8209 0 0 0 3 380 0 600 1 74 -53 0 1 8 NA NA NA NA NA NA 15478 NA NA 
8209 0 0 0 3 381 0 645 1 96 -37 0 3 10 NA NA NA NA NA NA 15478 NA NA 
8209 0 0 0 3 382 0 570 1 96 -53 0 3 8 NA NA NA NA NA NA 15478 NA NA 
8209 0 0 0 3 383 1 1863 0 107 -93 0 4 3 NA NA NA NA NA NA 15478 NA NA 
8209 0 0 0 3 384 0 1306 0 162 -85 1 9 4 NA NA NA NA NA NA 15478 NA NA 
8209 0 0 0 3 385 0 661 0 151 -45 1 8 9 NA NA NA NA NA NA 15478 NA NA 
8209 0 0 0 3 386 0 1420 0 129 -45 1 6 9 NA NA NA NA NA NA 15478 NA NA 
8209 0 0 0 3 387 1 2548 0 107 -109 0 4 1 NA NA NA NA NA NA 15478 NA NA 
8209 0 0 0 3 388 0 1277 1 85 -77 0 2 5 NA NA NA NA NA NA 15478 NA NA 
8209 0 0 0 3 389 0 1941 0 162 -69 1 9 6 NA NA NA NA NA NA 15478 NA NA 
8209 0 0 0 3 390 1 741 1 140 -101 1 7 2 NA NA NA NA NA NA 15478 NA NA 
8209 0 0 0 3 391 0 1162 1 118 -85 0 5 4 NA NA NA NA NA NA 15478 NA NA 
8209 0 0 0 3 392 0 858 1 74 -37 0 1 10 NA NA NA NA NA NA 15478 NA NA 
8209 0 0 0 3 393 0 698 0 140 -37 1 7 10 NA NA NA NA NA NA 15478 NA NA 
8209 0 0 0 3 394 1 1071 1 162 -101 1 9 2 NA NA NA NA NA NA 15478 NA NA 
8209 0 0 0 3 395 1 1765 1 151 -93 1 8 3 NA NA NA NA NA NA 15478 NA NA 
8209 0 0 0 3 396 0 781 1 85 -45 0 2 9 NA NA NA NA NA NA 15478 NA NA 
8209 0 0 0 3 397 0 1660 0 140 -69 1 7 6 NA NA NA NA NA NA 15478 NA NA 
8209 0 0 0 3 398 0 1630 1 96 -85 0 3 4 NA NA NA NA NA NA 15478 NA NA 
8209 0 0 0 3 399 0 944 0 162 -37 1 9 10 NA NA NA NA NA NA 15478 NA NA 
8209 0 0 0 3 400 0 631 0 173 -77 1 10 5 NA NA NA NA NA NA 15478 NA NA 
8209 0 0 0 3 401 0 2770 0 140 -85 1 7 4 NA NA NA NA NA NA 15478 NA NA 
8209 0 0 0 3 402 0 622 0 162 -53 1 9 8 NA NA NA NA NA NA 15478 NA NA 
8209 0 0 0 3 403 0 567 1 118 -53 0 5 8 NA NA NA NA NA NA 15478 NA NA 
8209 0 0 0 3 404 1 3108 0 118 -101 0 5 2 NA NA NA NA NA NA 15478 NA NA 
8209 0 0 0 3 405 1 3105 1 173 -93 1 10 3 NA NA NA NA NA NA 15478 NA NA 
8209 0 0 0 3 406 0 912 0 140 -53 1 7 8 NA NA NA NA NA NA 15478 NA NA 
8209 0 0 0 3 407 1 1136 0 96 -101 0 3 2 NA NA NA NA NA NA 15478 NA NA 
8209 0 0 0 3 408 0 1693 0 173 -45 1 10 9 NA NA NA NA NA NA 15478 NA NA 
8209 0 0 0 3 409 0 952 0 173 -61 1 10 7 NA NA NA NA NA NA 15478 NA NA 
8209 0 0 0 3 410 0 1265 1 74 -85 0 1 4 NA NA NA NA NA NA 15478 NA NA 
8209 0 0 0 3 411 0 4927 0 129 -61 1 6 7 NA NA NA NA NA NA 15478 NA NA 
8209 0 0 0 3 412 0 655 1 118 -69 0 5 6 NA NA NA NA NA NA 15478 NA NA 
8209 0 0 0 3 413 1 855 0 85 -109 0 2 1 NA NA NA NA NA NA 15478 NA NA 
8209 0 0 0 3 414 1 854 0 74 -101 0 1 2 NA NA NA NA NA NA 15478 NA NA 
8209 0 0 0 3 415 0 1268 0 151 -61 1 8 7 NA NA NA NA NA NA 15478 NA NA 
Wed Apr 16 12:40:21 2014 
