-22 68 
8325 0 0 1 1 0 0 1689 1 125 52 1 8 4 125 84 1 8 8 56 56 NA NA 
8325 0 0 1 1 1 1 2128 1 125 60 1 8 5 147 100 1 10 10 78 134 NA NA 
8325 0 0 1 1 2 1 861 0 81 92 0 4 9 70 52 0 3 4 29 163 NA NA 
8325 0 0 1 1 3 1 1182 1 125 28 1 8 1 136 100 1 9 10 75 238 NA NA 
8325 0 0 1 1 4 0 1143 1 136 52 1 9 4 147 76 1 10 7 36 274 NA NA 
8325 0 0 1 1 5 0 3175 0 81 100 0 4 10 114 28 1 7 1 63 337 NA NA 
8325 0 0 1 1 6 0 3372 0 48 100 0 1 10 92 60 0 5 5 58 395 NA NA 
8325 0 0 1 1 7 0 747 0 59 52 0 2 4 114 76 1 7 7 31 426 NA NA 
8325 0 0 1 1 8 1 5317 1 114 92 1 7 9 103 100 1 6 10 56 482 NA NA 
8325 0 0 1 1 9 0 3885 0 92 44 0 5 3 147 68 1 10 6 29 511 NA NA 
8325 0 0 1 1 10 1 643 0 125 68 1 8 6 59 92 0 2 9 55 566 NA NA 
8325 0 0 1 1 11 1 730 0 81 28 0 4 1 59 100 0 2 10 26 592 NA NA 
8325 0 0 1 1 12 0 1315 1 114 84 1 7 8 125 44 1 8 3 36 628 NA NA 
8325 0 0 1 1 13 1 1239 1 103 44 1 6 3 114 68 1 7 6 33 661 NA NA 
8325 0 0 1 1 14 1 638 0 147 36 1 10 2 70 100 0 3 10 15 676 NA NA 
8325 0 0 1 1 15 1 595 0 103 28 1 6 1 59 36 0 2 2 51 727 NA NA 
8325 0 0 1 1 16 0 490 0 59 84 0 2 8 103 68 1 6 6 55 782 NA NA 
8325 0 0 1 1 17 1 1035 1 136 44 1 9 3 136 92 1 9 9 68 850 NA NA 
8325 0 0 1 1 18 0 555 0 59 60 0 2 5 59 28 0 2 1 43 893 NA NA 
8325 0 0 1 1 19 0 532 0 70 60 0 3 5 147 84 1 10 8 24 917 NA NA 
8325 0 0 1 1 20 1 1064 0 92 76 0 5 7 92 28 0 5 1 30 947 NA NA 
8325 0 0 1 1 21 1 620 0 92 68 0 5 6 48 76 0 1 7 23 970 NA NA 
8325 0 0 1 1 22 1 568 0 103 84 1 6 8 70 28 0 3 1 31 1001 NA NA 
8325 0 0 1 1 23 0 685 0 81 36 0 4 2 114 52 1 7 4 18 1019 NA NA 
8325 0 0 1 1 24 0 540 0 70 36 0 3 2 125 100 1 8 10 51 1070 NA NA 
8325 0 0 1 1 25 0 2035 0 81 44 0 4 3 125 76 1 8 7 45 1115 NA NA 
8325 0 0 1 1 26 1 765 0 92 52 0 5 4 70 76 0 3 7 40 1155 NA NA 
8325 0 0 1 1 27 1 1027 1 136 68 1 9 6 114 60 1 7 5 84 1239 NA NA 
8325 0 0 1 1 28 0 917 0 48 92 0 1 9 125 36 1 8 2 50 1289 NA NA 
8325 0 0 1 1 29 0 602 0 59 76 0 2 7 147 44 1 10 3 60 1349 NA NA 
8325 0 0 1 1 30 1 546 0 147 28 1 10 1 81 68 0 4 6 38 1387 NA NA 
8325 0 0 1 1 31 1 564 0 147 60 1 10 5 70 68 0 3 6 32 1419 NA NA 
8325 0 0 1 1 32 0 903 1 114 100 1 7 10 136 76 1 9 7 80 1499 NA NA 
8325 0 0 1 1 33 0 959 0 70 84 0 3 8 92 100 0 5 10 58 1557 NA NA 
8325 0 0 1 1 34 0 1013 0 92 92 0 5 9 114 36 1 7 2 58 1615 NA NA 
8325 0 0 1 1 35 1 506 1 136 28 1 9 1 147 52 1 10 4 46 1661 NA NA 
8325 0 0 1 1 36 0 459 0 48 36 0 1 2 48 60 0 1 5 72 1733 NA NA 
8325 0 0 1 1 37 1 919 0 136 60 1 9 5 92 84 0 5 8 48 1781 NA NA 
8325 0 0 1 1 38 0 634 0 59 44 0 2 3 81 60 0 4 5 41 1822 NA NA 
8325 0 0 1 1 39 1 540 0 92 36 0 5 2 48 52 0 1 4 23 1845 NA NA 
8325 0 0 1 1 40 0 537 0 59 28 0 2 1 92 36 0 5 2 24 1869 NA NA 
8325 0 0 1 1 41 0 694 1 103 100 1 6 10 136 60 1 9 5 73 1942 NA NA 
8325 0 0 1 1 42 0 887 0 70 52 0 3 4 48 52 0 1 4 43 1985 NA NA 
8325 0 0 1 1 43 1 702 1 125 92 1 8 9 125 36 1 8 2 56 2041 NA NA 
8325 0 0 1 1 44 1 558 0 114 68 1 7 6 59 76 0 2 7 34 2075 NA NA 
8325 0 0 1 1 45 1 664 0 103 68 1 6 6 48 92 0 1 9 44 2119 NA NA 
8325 0 0 1 1 46 0 964 1 147 36 1 10 2 147 44 1 10 3 61 2180 NA NA 
8325 0 0 1 1 47 0 486 0 81 76 0 4 7 136 52 1 9 4 12 2192 NA NA 
8325 0 0 1 1 48 0 608 0 59 60 0 2 5 92 68 0 5 6 40 2232 NA NA 
8325 0 0 1 1 49 0 1809 0 92 76 0 5 7 114 28 1 7 1 44 2276 NA NA 
8325 0 0 1 1 50 0 696 0 48 44 0 1 3 48 76 0 1 7 32 2308 NA NA 
8325 0 0 1 1 51 1 568 0 70 100 0 3 10 81 52 0 4 4 9 2317 NA NA 
8325 0 0 1 1 52 0 541 0 81 44 0 4 3 103 60 1 6 5 29 2346 NA NA 
8325 0 0 1 1 53 0 613 0 70 68 0 3 6 103 36 1 6 2 33 2379 NA NA 
8325 0 0 1 1 54 1 490 0 103 76 1 6 7 48 100 0 1 10 30 2409 NA NA 
8325 0 0 1 1 55 0 509 0 70 84 0 3 8 125 28 1 8 1 20 2429 NA NA 
8325 0 0 1 1 56 1 117 1 136 68 1 9 6 125 68 1 8 6 56 2485 NA NA 
8325 0 0 1 1 57 0 332 0 48 36 0 1 2 136 36 1 9 2 29 2514 NA NA 
8325 0 0 1 1 58 1 345 0 114 60 1 7 5 81 68 0 4 6 25 2539 NA NA 
8325 0 0 1 1 59 0 351 1 103 92 1 6 9 136 100 1 9 10 53 2592 NA NA 
8325 0 0 1 1 60 1 344 1 81 84 0 4 8 147 60 1 10 5 70 2662 NA NA 
8325 0 0 1 1 61 0 308 1 114 92 1 7 9 125 52 1 8 4 35 2697 NA NA 
8325 0 0 1 1 62 1 276 1 147 92 1 10 9 136 28 1 9 1 64 2761 NA NA 
8325 0 0 1 1 63 0 293 0 59 36 0 2 2 81 28 0 4 1 55 2816 NA NA 
8325 0 0 1 1 64 1 286 1 81 92 0 4 9 125 84 1 8 8 71 2887 NA NA 
8325 0 0 1 1 65 0 246 0 92 44 0 5 3 81 36 0 4 2 45 2932 NA NA 
8325 0 0 1 1 66 1 266 0 59 100 0 2 10 48 60 0 1 5 20 2952 NA NA 
8325 0 0 1 1 67 0 219 0 92 92 0 5 9 81 60 0 4 5 53 3005 NA NA 
8325 0 0 1 1 68 1 291 1 147 76 1 10 7 125 100 1 8 10 35 3040 NA NA 
8325 0 0 1 1 69 0 351 0 92 60 0 5 5 103 84 1 6 8 75 3115 NA NA 
8325 0 0 1 1 70 1 220 0 136 44 1 9 3 70 92 0 3 9 31 3146 NA NA 
8325 0 0 1 1 71 0 96 0 92 52 0 5 4 92 28 0 5 1 30 3176 NA NA 
8325 0 0 1 1 72 1 0 0 59 92 0 2 9 70 44 0 3 3 44 3220 NA NA 
8325 0 0 1 1 73 0 0 1 125 60 1 8 5 114 52 1 7 4 70 3290 NA NA 
8325 0 0 1 1 74 0 286 1 147 28 1 10 1 136 76 1 9 7 69 3359 NA NA 
8325 0 0 1 1 75 0 274 0 59 68 0 2 6 59 44 0 2 3 39 3398 NA NA 
8325 0 0 1 1 76 1 292 1 114 84 1 7 8 147 100 1 10 10 64 3462 NA NA 
8325 0 0 1 1 77 1 244 1 103 44 1 6 3 114 36 1 7 2 50 3512 NA NA 
8325 0 0 1 1 78 1 0 0 103 28 1 6 1 48 68 0 1 6 31 3543 NA NA 
8325 0 0 1 1 79 0 278 0 81 100 0 4 10 48 84 0 1 8 43 3586 NA NA 
8325 0 0 1 1 80 0 0 1 114 52 1 7 4 70 60 0 3 5 59 3645 NA NA 
8325 0 0 1 1 81 0 0 0 59 76 0 2 7 70 68 0 3 6 32 3677 NA NA 
8325 0 0 1 1 82 1 0 1 136 44 1 9 3 103 68 1 6 6 63 3740 NA NA 
8325 0 0 1 1 83 1 255 1 125 92 1 8 9 147 28 1 10 1 69 3809 NA NA 
8325 0 0 1 1 84 1 0 0 125 100 1 8 10 70 28 0 3 1 38 3847 NA NA 
8325 0 0 1 1 85 0 192 0 48 44 0 1 3 70 52 0 3 4 16 3863 NA NA 
8325 0 0 1 1 86 0 0 1 125 60 1 8 5 114 92 1 7 9 63 3926 NA NA 
8325 0 0 1 1 87 0 0 0 81 92 0 4 9 48 52 0 1 4 49 3975 NA NA 
8325 0 0 1 1 88 1 99 1 81 68 0 4 6 136 76 1 9 7 59 4034 NA NA 
8325 0 0 1 1 89 1 0 0 114 100 1 7 10 70 76 0 3 7 23 4057 NA NA 
8325 0 0 1 1 90 1 125 1 92 84 0 5 8 147 92 1 10 9 70 4127 NA NA 
8325 0 0 1 1 91 0 1 0 48 68 0 1 6 103 76 1 6 7 55 4182 NA NA 
8325 0 0 1 1 92 0 55 1 147 84 1 10 8 59 68 0 2 6 85 4267 NA NA 
8325 0 0 1 1 93 0 0 1 136 100 1 9 10 103 60 1 6 5 44 4311 NA NA 
8325 0 0 1 1 94 0 1 1 147 100 1 10 10 92 44 0 5 3 53 4364 NA NA 
8325 0 0 1 1 95 1 0 0 114 60 1 7 5 81 76 0 4 7 30 4394 NA NA 
8325 0 0 1 1 96 1 1 1 136 68 1 9 6 136 52 1 9 4 61 4455 NA NA 
8325 0 0 1 1 97 1 0 0 125 68 1 8 6 48 92 0 1 9 36 4491 NA NA 
8325 0 0 1 1 98 1 110 0 59 52 0 2 4 81 100 0 4 10 20 4511 NA NA 
8325 0 0 1 1 99 1 1341 0 48 84 0 1 8 70 36 0 3 2 48 4559 NA NA 
8325 0 0 1 1 100 1 0 0 114 28 1 7 1 59 92 0 2 9 66 4625 NA NA 
8325 0 0 1 1 101 1 0 1 147 60 1 10 5 147 76 1 10 7 64 4689 NA NA 
8325 0 0 1 1 102 0 0 1 103 36 1 6 2 92 52 0 5 4 79 4768 NA NA 
8325 0 0 1 1 103 1 6 1 125 76 1 8 7 103 84 1 6 8 56 4824 NA NA 
8325 0 0 1 1 104 0 0 1 103 44 1 6 3 81 52 0 4 4 56 4880 NA NA 
8325 0 0 1 1 105 0 47 1 114 76 1 7 7 103 28 1 6 1 47 4927 NA NA 
8325 0 0 1 1 106 0 0 0 92 60 0 5 5 114 36 1 7 2 8 4935 NA NA 
8325 0 0 1 1 107 0 148 1 147 52 1 10 4 81 36 0 4 2 61 4996 NA NA 
8325 0 0 1 1 108 1 557 0 59 100 0 2 10 70 44 0 3 3 67 5063 NA NA 
8325 0 0 1 1 109 0 290 1 136 84 1 9 8 48 28 0 1 1 41 5104 NA NA 
8325 0 0 1 1 110 0 336 1 103 92 1 6 9 103 52 1 6 4 64 5168 NA NA 
8325 0 0 1 1 111 1 560 1 92 28 0 5 1 125 44 1 8 3 44 5212 NA NA 
8325 0 0 1 1 112 0 820 1 125 28 1 8 1 92 100 0 5 10 60 5272 NA NA 
8325 0 0 1 1 113 1 104 1 92 36 0 5 2 136 60 1 9 5 42 5314 NA NA 
8325 0 0 1 1 114 1 87 1 81 84 0 4 8 114 44 1 7 3 68 5382 NA NA 
8325 0 0 1 1 115 0 17 0 70 92 0 3 9 81 44 0 4 3 42 5424 NA NA 
8325 0 0 1 1 116 1 227 0 136 92 1 9 9 48 60 0 1 5 43 5467 NA NA 
8325 0 0 1 1 117 1 1 0 147 44 1 10 3 59 28 0 2 1 33 5500 NA NA 
8325 0 0 1 1 118 0 0 0 81 28 0 4 1 103 100 1 6 10 56 5556 NA NA 
8325 0 0 1 1 119 0 0 1 125 52 1 8 4 70 100 0 3 10 73 5629 NA NA 
8325 0 0 1 1 120 0 1 0 70 44 0 3 3 125 60 1 8 5 58 5687 NA NA 
8325 0 0 1 1 121 1 0 0 136 92 1 9 9 81 36 0 4 2 57 5744 NA NA 
8325 0 0 1 1 122 0 290 1 136 68 1 9 6 147 84 1 10 8 61 5805 NA NA 
8325 0 0 1 1 123 1 83 0 92 28 0 5 1 81 100 0 4 10 24 5829 NA NA 
8325 0 0 1 1 124 0 0 1 114 68 1 7 6 70 28 0 3 1 56 5885 NA NA 
8325 0 0 1 1 125 1 173 0 81 92 0 4 9 92 52 0 5 4 65 5950 NA NA 
8325 0 0 1 1 126 0 0 0 70 92 0 3 9 125 76 1 8 7 66 6016 NA NA 
8325 0 0 1 1 127 1 121 1 125 100 1 8 10 147 44 1 10 3 90 6106 NA NA 
8325 0 0 1 1 128 0 1 0 59 76 0 2 7 147 60 1 10 5 40 6146 NA NA 
8325 0 0 1 1 129 0 94 1 136 52 1 9 4 125 52 1 8 4 50 6196 NA NA 
8325 0 0 1 1 130 0 0 0 48 60 0 1 5 103 68 1 6 6 28 6224 NA NA 
8325 0 0 1 1 131 0 229 1 125 92 1 8 9 81 84 0 4 8 39 6263 NA NA 
8325 0 0 1 1 132 0 54 0 59 92 0 2 9 70 60 0 3 5 14 6277 NA NA 
8325 0 0 1 1 133 0 0 0 92 44 0 5 3 70 52 0 3 4 34 6311 NA NA 
8325 0 0 1 1 134 0 1 1 125 68 1 8 6 103 28 1 6 1 51 6362 NA NA 
8325 0 0 1 1 135 0 0 1 125 84 1 8 8 59 100 0 2 10 87 6449 NA NA 
8325 0 0 1 1 136 0 0 0 48 68 0 1 6 136 28 1 9 1 14 6463 NA NA 
8325 0 0 1 1 137 0 1 0 81 28 0 4 1 92 100 0 5 10 61 6524 NA NA 
8325 0 0 1 1 138 0 338 0 59 44 0 2 3 114 28 1 7 1 29 6553 NA NA 
8325 0 0 1 1 139 0 334 1 147 68 1 10 6 59 52 0 2 4 58 6611 NA NA 
8325 0 0 1 1 140 0 82 0 59 68 0 2 6 136 100 1 9 10 39 6650 NA NA 
8325 0 0 1 1 141 0 88 1 114 100 1 7 10 81 60 0 4 5 56 6706 NA NA 
8325 0 0 1 1 142 0 0 0 92 76 0 5 7 136 36 1 9 2 16 6722 NA NA 
8325 0 0 1 1 143 0 1 1 125 36 1 8 2 103 52 1 6 4 60 6782 NA NA 
8325 0 0 1 1 144 1 272 0 48 44 0 1 3 92 84 0 5 8 62 6844 NA NA 
8325 0 0 1 1 145 0 27 1 103 76 1 6 7 136 44 1 9 3 63 6907 NA NA 
8325 0 0 1 1 146 0 0 1 147 28 1 10 1 59 36 0 2 2 62 6969 NA NA 
8325 0 0 1 1 147 0 164 1 103 60 1 6 5 59 28 0 2 1 69 7038 NA NA 
8325 0 0 1 1 148 1 266 1 114 60 1 7 5 125 44 1 8 3 60 7098 NA NA 
8325 0 0 1 1 149 1 556 1 103 100 1 6 10 147 100 1 10 10 35 7133 NA NA 
8325 0 0 1 1 150 0 264 0 48 84 0 1 8 70 76 0 3 7 58 7191 NA NA 
8325 0 0 1 1 151 0 310 1 114 84 1 7 8 81 52 0 4 4 67 7258 NA NA 
8325 0 0 1 1 152 0 359 0 48 36 0 1 2 70 68 0 3 6 18 7276 NA NA 
8325 0 0 1 1 153 0 262 0 92 92 0 5 9 103 36 1 6 2 59 7335 NA NA 
8325 0 0 1 1 154 1 269 1 114 92 1 7 9 136 76 1 9 7 77 7412 NA NA 
8325 0 0 1 1 155 0 265 0 48 100 0 1 10 81 76 0 4 7 39 7451 NA NA 
8325 0 0 1 1 156 0 86 0 48 52 0 1 4 70 36 0 3 2 41 7492 NA NA 
8325 0 0 1 1 157 0 243 1 114 52 1 7 4 81 68 0 4 6 64 7556 NA NA 
8325 0 0 1 1 158 0 246 1 136 84 1 9 8 48 92 0 1 9 56 7612 NA NA 
8325 0 0 1 1 159 0 191 1 114 44 1 7 3 136 60 1 9 5 57 7669 NA NA 
8325 0 0 1 1 160 0 203 0 48 68 0 1 6 136 36 1 9 2 67 7736 NA NA 
8325 0 0 1 1 161 0 99 0 59 92 0 2 9 59 84 0 2 8 40 7776 NA NA 
8325 0 0 1 1 162 0 60 1 136 68 1 9 6 125 28 1 8 1 54 7830 NA NA 
8325 0 0 1 1 163 0 1 1 125 68 1 8 6 125 84 1 8 8 63 7893 NA NA 
8325 0 0 1 1 164 0 160 1 136 84 1 9 8 59 36 0 2 2 77 7970 NA NA 
8325 0 0 1 1 165 1 135 0 125 100 1 8 10 81 100 0 4 10 40 8010 NA NA 
8325 0 0 1 1 166 0 431 0 70 28 0 3 1 48 76 0 1 7 40 8050 NA NA 
8325 0 0 1 1 167 0 631 1 103 92 1 6 9 103 60 1 6 5 73 8123 NA NA 
8325 0 0 1 1 168 1 69 0 114 44 1 7 3 59 44 0 2 3 22 8145 NA NA 
8325 0 0 1 1 169 0 261 1 147 52 1 10 4 81 84 0 4 8 74 8219 NA NA 
8325 0 0 1 1 170 1 471 1 125 52 1 8 4 103 100 1 6 10 59 8278 NA NA 
8325 0 0 1 1 171 0 781 0 81 36 0 4 2 70 44 0 3 3 58 8336 NA NA 
8325 0 0 1 1 172 0 186 1 103 52 1 6 4 70 36 0 3 2 73 8409 NA NA 
8325 0 0 1 1 173 0 278 1 103 36 1 6 2 147 68 1 10 6 54 8463 NA NA 
8325 0 0 1 1 174 0 590 1 125 44 1 8 3 70 68 0 3 6 44 8507 NA NA 
8325 0 0 1 1 175 0 82 1 114 28 1 7 1 48 60 0 1 5 68 8575 NA NA 
8325 0 0 1 1 176 0 0 1 103 76 1 6 7 92 84 0 5 8 46 8621 NA NA 
8325 0 0 1 1 177 0 572 0 70 100 0 3 10 125 76 1 8 7 17 8638 NA NA 
8325 0 0 1 1 178 0 291 0 92 60 0 5 5 147 76 1 10 7 17 8655 NA NA 
8325 0 0 1 1 179 0 97 1 147 92 1 10 9 81 52 0 4 4 82 8737 NA NA 
8325 0 0 1 1 180 0 1 0 92 36 0 5 2 114 52 1 7 4 47 8784 NA NA 
8325 0 0 1 1 181 0 259 1 103 68 1 6 6 147 36 1 10 2 51 8835 NA NA 
8325 0 0 1 1 182 1 173 1 114 68 1 7 6 147 84 1 10 8 65 8900 NA NA 
8325 0 0 1 1 183 0 333 1 136 92 1 9 9 70 84 0 3 8 53 8953 NA NA 
8325 0 0 1 1 184 0 42 1 136 44 1 9 3 125 92 1 8 9 90 9043 NA NA 
8325 0 0 1 1 185 0 0 0 48 92 0 1 9 147 100 1 10 10 26 9069 NA NA 
8325 0 0 1 1 186 0 0 1 125 60 1 8 5 70 76 0 3 7 43 9112 NA NA 
8325 0 0 1 1 187 0 0 0 48 100 0 1 10 81 76 0 4 7 11 9123 NA NA 
8325 0 0 1 1 188 0 684 0 81 28 0 4 1 136 60 1 9 5 47 9170 NA NA 
8325 0 0 1 1 189 1 171 1 81 60 0 4 5 114 76 1 7 7 95 9265 NA NA 
8325 0 0 1 1 190 1 146 0 114 84 1 7 8 92 52 0 5 4 28 9293 NA NA 
8325 0 0 1 1 191 0 0 1 114 60 1 7 5 81 44 0 4 3 31 9324 NA NA 
8325 0 0 1 1 192 0 0 1 103 28 1 6 1 92 44 0 5 3 55 9379 NA NA 
8325 0 0 1 1 193 0 0 1 136 28 1 9 1 59 52 0 2 4 50 9429 NA NA 
8325 0 0 1 1 194 1 447 0 59 60 0 2 5 59 68 0 2 6 29 9458 NA NA 
8325 0 0 1 1 195 0 152 1 103 44 1 6 3 48 44 0 1 3 87 9545 NA NA 
8325 0 0 1 1 196 0 0 0 92 92 0 5 9 81 92 0 4 9 49 9594 NA NA 
8325 0 0 1 1 197 0 1 0 92 28 0 5 1 114 100 1 7 10 10 9604 NA NA 
8325 0 0 1 1 198 0 0 0 70 52 0 3 4 59 76 0 2 7 12 9616 NA NA 
8325 0 0 1 1 199 0 904 1 125 36 1 8 2 92 100 0 5 10 41 9657 NA NA 
8325 0 0 1 1 200 0 375 1 125 68 1 8 6 59 44 0 2 3 60 9717 NA NA 
8325 0 0 1 1 201 1 249 1 147 36 1 10 2 114 76 1 7 7 52 9769 NA NA 
8325 0 0 1 1 202 1 309 0 59 36 0 2 2 70 60 0 3 5 48 9817 NA NA 
8325 0 0 1 1 203 1 198 0 48 28 0 1 1 81 84 0 4 8 31 9848 NA NA 
8325 0 0 1 1 204 1 218 1 103 44 1 6 3 136 28 1 9 1 47 9895 NA NA 
8325 0 0 1 1 205 0 0 1 147 60 1 10 5 81 100 0 4 10 67 9962 NA NA 
8325 0 0 1 1 206 1 348 1 48 92 0 1 9 125 36 1 8 2 50 10012 NA NA 
8325 0 0 1 1 207 0 231 1 136 52 1 9 4 147 84 1 10 8 62 10074 NA NA 
8325 0 0 1 1 208 0 299 1 147 76 1 10 7 81 44 0 4 3 60 10134 NA NA 
8325 0 0 1 1 209 0 0 0 81 52 0 4 4 125 92 1 8 9 39 10173 NA NA 
8325 0 0 1 1 210 0 56 0 92 52 0 5 4 59 52 0 2 4 28 10201 NA NA 
8325 0 0 1 1 211 0 25 0 81 60 0 4 5 125 60 1 8 5 40 10241 NA NA 
8325 0 0 1 1 212 0 145 0 48 76 0 1 7 147 100 1 10 10 37 10278 NA NA 
8325 0 0 1 1 213 0 0 1 136 84 1 9 8 70 92 0 3 9 48 10326 NA NA 
8325 0 0 1 1 214 0 1 0 48 52 0 1 4 48 100 0 1 10 29 10355 NA NA 
8325 0 0 1 1 215 0 32 1 103 76 1 6 7 114 84 1 7 8 31 10386 NA NA 
8325 0 0 1 1 216 0 319 0 92 100 0 5 10 103 100 1 6 10 21 10407 NA NA 
8325 0 0 1 1 217 0 1 1 125 76 1 8 7 70 68 0 3 6 59 10466 NA NA 
8325 0 0 1 1 218 0 54 1 136 92 1 9 9 81 92 0 4 9 36 10502 NA NA 
8325 0 0 1 1 219 0 0 0 70 44 0 3 3 81 76 0 4 7 59 10561 NA NA 
8325 0 0 1 1 220 0 229 0 59 84 0 2 8 136 36 1 9 2 40 10601 NA NA 
8325 0 0 1 1 221 0 1 0 70 52 0 3 4 48 44 0 1 3 49 10650 NA NA 
8325 0 0 1 1 222 0 0 0 70 36 0 3 2 125 28 1 8 1 48 10698 NA NA 
8325 0 0 1 1 223 0 505 1 114 68 1 7 6 103 68 1 6 6 39 10737 NA NA 
8325 0 0 1 1 224 0 66 1 136 68 1 9 6 125 44 1 8 3 53 10790 NA NA 
8325 0 0 1 1 225 0 1 1 147 28 1 10 1 103 92 1 6 9 84 10874 NA NA 
8325 0 0 1 1 226 0 266 0 59 92 0 2 9 92 60 0 5 5 44 10918 NA NA 
8325 0 0 1 1 227 0 105 0 59 60 0 2 5 48 60 0 1 5 41 10959 NA NA 
8325 0 0 1 1 228 0 339 1 114 28 1 7 1 103 28 1 6 1 59 11018 NA NA 
8325 0 0 1 1 229 1 131 0 103 36 1 6 2 92 36 0 5 2 40 11058 NA NA 
8325 0 0 1 1 230 0 63 1 136 60 1 9 5 81 36 0 4 2 59 11117 NA NA 
8325 0 0 1 1 231 1 150 1 48 84 0 1 8 114 52 1 7 4 58 11175 NA NA 
8325 0 0 1 1 232 0 0 0 92 76 0 5 7 59 28 0 2 1 50 11225 NA NA 
8325 0 0 1 1 233 0 0 0 92 68 0 5 6 103 60 1 6 5 38 11263 NA NA 
8325 0 0 1 1 234 0 0 1 147 44 1 10 3 114 92 1 7 9 65 11328 NA NA 
8325 0 0 1 1 235 1 0 0 114 60 1 7 5 59 76 0 2 7 27 11355 NA NA 
8325 0 0 1 1 236 0 172 0 81 68 0 4 6 114 36 1 7 2 45 11400 NA NA 
8325 0 0 1 1 237 0 31 0 92 28 0 5 1 114 44 1 7 3 44 11444 NA NA 
8325 0 0 1 1 238 1 61 1 92 44 0 5 3 114 100 1 7 10 45 11489 NA NA 
8325 0 0 1 1 239 0 0 0 70 84 0 3 8 136 100 1 9 10 44 11533 NA NA 
8325 0 0 1 1 240 1 149 1 136 52 1 9 4 103 68 1 6 6 52 11585 NA NA 
8325 0 0 1 1 241 1 62 1 114 76 1 7 7 147 100 1 10 10 62 11647 NA NA 
8325 0 0 1 1 242 0 67 0 59 100 0 2 10 147 84 1 10 8 9 11656 NA NA 
8325 0 0 1 1 243 0 65 0 48 28 0 1 1 92 84 0 5 8 4 11660 NA NA 
8325 0 0 1 1 244 0 239 1 136 28 1 9 1 136 44 1 9 3 57 11717 NA NA 
8325 0 0 1 1 245 0 300 0 92 36 0 5 2 70 68 0 3 6 51 11768 NA NA 
8325 0 0 1 1 246 0 271 0 59 92 0 2 9 70 92 0 3 9 34 11802 NA NA 
8325 0 0 1 1 247 0 238 1 103 52 1 6 4 70 76 0 3 7 44 11846 NA NA 
8325 0 0 1 1 248 0 251 1 114 68 1 7 6 81 60 0 4 5 51 11897 NA NA 
8325 0 0 1 1 249 1 404 1 59 76 0 2 7 114 84 1 7 8 60 11957 NA NA 
8325 0 0 1 1 250 0 421 0 70 36 0 3 2 70 60 0 3 5 57 12014 NA NA 
8325 0 0 1 1 251 0 301 0 81 100 0 4 10 147 28 1 10 1 55 12069 NA NA 
8325 0 0 1 1 252 0 0 0 92 92 0 5 9 125 52 1 8 4 79 12148 NA NA 
8325 0 0 1 1 253 1 65 0 59 36 0 2 2 70 52 0 3 4 38 12186 NA NA 
8325 0 0 1 1 254 0 219 1 136 60 1 9 5 48 76 0 1 7 49 12235 NA NA 
8325 0 0 1 1 255 0 119 1 125 60 1 8 5 48 100 0 1 10 52 12287 NA NA 
8325 0 0 1 1 256 0 81 0 81 84 0 4 8 114 60 1 7 5 31 12318 NA NA 
8325 0 0 1 1 257 0 106 1 125 84 1 8 8 48 52 0 1 4 61 12379 NA NA 
8325 0 0 1 1 258 0 86 1 103 44 1 6 3 147 68 1 10 6 50 12429 NA NA 
8325 0 0 1 1 259 0 0 0 48 68 0 1 6 81 68 0 4 6 74 12503 NA NA 
8325 0 0 1 1 260 0 0 0 92 44 0 5 3 125 100 1 8 10 38 12541 NA NA 
8325 0 0 1 1 261 0 0 1 103 36 1 6 2 81 36 0 4 2 38 12579 NA NA 
8325 0 0 1 1 262 0 1 0 48 44 0 1 3 92 76 0 5 7 47 12626 NA NA 
8325 0 0 1 1 263 0 0 1 136 76 1 9 7 81 92 0 4 9 56 12682 NA NA 
8325 0 0 1 1 264 0 89 1 114 52 1 7 4 92 52 0 5 4 80 12762 NA NA 
8325 0 0 1 1 265 0 6 0 70 100 0 3 10 103 76 1 6 7 11 12773 NA NA 
8325 0 0 1 1 266 0 500 0 48 84 0 1 8 103 92 1 6 9 38 12811 NA NA 
8325 0 0 1 1 267 0 10 0 59 28 0 2 1 136 36 1 9 2 30 12841 NA NA 
8325 0 0 1 1 268 0 327 1 136 92 1 9 9 125 76 1 8 7 42 12883 NA NA 
8325 0 0 1 1 269 0 37 0 70 44 0 3 3 136 68 1 9 6 19 12902 NA NA 
8325 0 0 1 1 270 0 382 0 81 52 0 4 4 125 36 1 8 2 56 12958 NA NA 
8325 0 0 1 1 271 0 0 0 81 44 0 4 3 81 76 0 4 7 40 12998 NA NA 
8325 0 0 1 1 272 0 9 1 114 28 1 7 1 48 60 0 1 5 44 13042 NA NA 
8325 0 0 1 1 273 0 0 1 114 36 1 7 2 92 60 0 5 5 62 13104 NA NA 
8325 0 0 1 1 274 0 291 1 125 28 1 8 1 92 28 0 5 1 79 13183 NA NA 
8325 0 0 1 1 275 0 287 1 125 68 1 8 6 81 28 0 4 1 41 13224 NA NA 
8325 0 0 1 1 276 0 198 1 103 60 1 6 5 92 100 0 5 10 61 13285 NA NA 
8325 0 0 1 1 277 0 172 1 147 52 1 10 4 59 68 0 2 6 58 13343 NA NA 
8325 0 0 1 1 278 0 94 0 59 84 0 2 8 48 36 0 1 2 45 13388 NA NA 
8325 0 0 1 1 279 0 132 1 103 28 1 6 1 125 44 1 8 3 56 13444 NA NA 
8325 0 0 1 1 280 0 0 1 103 84 1 6 8 48 36 0 1 2 40 13484 NA NA 
8325 0 0 1 1 281 0 26 1 136 60 1 9 5 48 100 0 1 10 68 13552 NA NA 
8325 0 0 1 1 282 1 283 1 114 52 1 7 4 147 52 1 10 4 46 13598 NA NA 
8325 0 0 1 1 283 0 167 0 92 60 0 5 5 136 76 1 9 7 34 13632 NA NA 
8325 0 0 1 1 284 0 300 1 136 28 1 9 1 70 52 0 3 4 62 13694 NA NA 
8325 0 0 1 1 285 0 1 1 125 44 1 8 3 114 44 1 7 3 98 13792 NA NA 
8325 0 0 1 1 286 0 59 1 103 28 1 6 1 125 84 1 8 8 69 13861 NA NA 
8325 0 0 1 1 287 0 1 1 114 36 1 7 2 125 60 1 8 5 58 13919 NA NA 
8325 0 0 1 1 288 0 432 0 59 84 0 2 8 147 92 1 10 9 30 13949 NA NA 
8325 0 0 1 1 289 0 541 0 81 76 0 4 7 147 76 1 10 7 49 13998 NA NA 
8325 0 0 1 1 290 0 434 0 70 60 0 3 5 70 68 0 3 6 37 14035 NA NA 
8325 0 0 1 1 291 0 186 0 59 76 0 2 7 59 60 0 2 5 23 14058 NA NA 
8325 0 0 1 1 292 1 679 0 92 28 0 5 1 81 28 0 4 1 40 14098 NA NA 
8325 0 0 1 1 293 0 560 1 136 84 1 9 8 48 76 0 1 7 61 14159 NA NA 
8325 0 0 1 1 294 1 148 1 136 52 1 9 4 147 84 1 10 8 91 14250 NA NA 
8325 0 0 1 1 295 0 122 1 114 76 1 7 7 92 36 0 5 2 76 14326 NA NA 
8325 0 0 1 1 296 0 39 0 81 44 0 4 3 147 44 1 10 3 14 14340 NA NA 
8325 0 0 1 1 297 0 1 1 136 44 1 9 3 136 36 1 9 2 72 14412 NA NA 
8325 0 0 1 1 298 1 361 1 48 68 0 1 6 114 28 1 7 1 49 14461 NA NA 
8325 0 0 1 1 299 0 950 1 136 68 1 9 6 48 84 0 1 8 74 14535 NA NA 
8325 0 0 1 2 300 1 3912 NA 48 100 0 1 10 147 28 1 10 1 NA 14535 2 0 
8325 0 0 1 2 301 3 3204 NA 81 52 0 4 4 114 28 1 7 1 NA 14535 2 1 
8325 0 0 1 2 302 2 751 NA 147 28 1 10 1 147 52 1 10 4 NA 14535 1 1 
8325 0 0 1 2 303 4 1936 NA 114 100 1 7 10 147 100 1 10 10 NA 14535 0 1 
8325 0 0 1 2 304 1 1569 NA 59 36 0 2 2 136 36 1 9 2 NA 14535 0 0 
8325 0 0 1 2 305 7 881 NA 48 76 0 1 7 48 100 0 1 10 NA 14535 1 1 
8325 0 0 1 2 306 5 552 NA 48 52 0 1 4 81 76 0 4 7 NA 14535 2 1 
8325 0 0 1 2 307 4 961 NA 81 28 0 4 1 114 28 1 7 1 NA 14535 0 1 
8325 0 0 1 2 308 2 640 NA 114 52 1 7 4 147 76 1 10 7 NA 14535 2 1 
8325 0 0 1 2 309 2 336 NA 59 92 0 2 9 136 36 1 9 2 NA 14535 2 0 
8325 0 0 1 2 310 6 32 NA 114 76 1 7 7 147 76 1 10 7 NA 14535 0 1 
8325 0 0 1 2 311 5 404 NA 81 52 0 4 4 114 52 1 7 4 NA 14535 0 2 
8325 0 0 1 2 312 5 0 NA 70 44 0 3 3 125 84 1 8 8 NA 14535 2 0 
8325 0 0 1 2 313 1 101 NA 48 100 0 1 10 81 76 0 4 7 NA 14535 2 1 
8325 0 0 1 2 314 5 0 NA 48 76 0 1 7 81 100 0 4 10 NA 14535 2 1 
8325 0 0 1 2 315 5 2288 NA 92 60 0 5 5 103 68 1 6 6 NA 14535 2 0 
8325 0 0 1 2 316 5 49 NA 114 52 1 7 4 147 28 1 10 1 NA 14535 2 1 
8325 0 0 1 2 317 5 2769 NA 81 100 0 4 10 114 76 1 7 7 NA 14535 2 1 
8325 0 0 1 2 318 2 0 NA 48 28 0 1 1 81 52 0 4 4 NA 14535 2 1 
8325 0 0 1 2 319 5 133 NA 114 76 1 7 7 147 52 1 10 4 NA 14535 2 1 
8325 0 0 1 2 320 5 133 NA 81 52 0 4 4 114 76 1 7 7 NA 14535 2 2 
8325 0 0 1 2 321 3 0 NA 70 44 0 3 3 70 84 0 3 8 NA 14535 1 0 
8325 0 0 1 2 322 2 35 NA 48 100 0 1 10 81 100 0 4 10 NA 14535 0 1 
8325 0 0 1 2 323 5 3121 NA 114 100 1 7 10 147 76 1 10 7 NA 14535 2 1 
8325 0 0 1 2 324 4 191 NA 114 28 1 7 1 114 52 1 7 4 NA 14535 1 1 
8325 0 0 1 2 325 2 5 NA 70 44 0 3 3 125 44 1 8 3 NA 14535 0 0 
8325 0 0 1 2 326 3 731 NA 48 76 0 1 7 81 52 0 4 4 NA 14535 2 1 
8325 0 0 1 2 327 5 63 NA 125 84 1 8 8 70 84 0 3 8 NA 14535 0 0 
8325 0 0 1 2 328 4 1105 NA 48 28 0 1 1 81 28 0 4 1 NA 14535 0 1 
8325 0 0 1 2 329 6 623 NA 103 68 1 6 6 92 68 0 5 6 NA 14535 0 0 
8325 0 0 1 2 330 5 197 NA 81 76 0 4 7 114 52 1 7 4 NA 14535 2 2 
8325 0 0 1 2 331 2 399 NA 48 28 0 1 1 147 100 1 10 10 NA 14535 2 0 
8325 0 0 1 2 332 6 1584 NA 114 28 1 7 1 147 52 1 10 4 NA 14535 2 1 
8325 0 0 1 2 333 5 494 NA 125 84 1 8 8 125 44 1 8 3 NA 14535 1 0 
8325 0 0 1 2 334 5 0 NA 103 68 1 6 6 103 60 1 6 5 NA 14535 1 0 
8325 0 0 1 2 335 4 582 NA 70 84 0 3 8 125 44 1 8 3 NA 14535 2 0 
8325 0 0 1 2 336 6 705 NA 59 36 0 2 2 59 92 0 2 9 NA 14535 1 0 
8325 0 0 1 2 337 7 672 NA 48 28 0 1 1 48 52 0 1 4 NA 14535 1 1 
8325 0 0 1 2 338 5 688 NA 81 76 0 4 7 114 100 1 7 10 NA 14535 2 1 
8325 0 0 1 2 339 7 0 NA 114 76 1 7 7 147 100 1 10 10 NA 14535 2 1 
8325 0 0 1 2 340 5 0 NA 136 92 1 9 9 59 92 0 2 9 NA 14535 0 0 
8325 0 0 1 2 341 5 1560 NA 81 100 0 4 10 114 100 1 7 10 NA 14535 0 1 
8325 0 0 1 2 342 7 2466 NA 81 76 0 4 7 81 100 0 4 10 NA 14535 1 1 
8325 0 0 1 2 343 5 0 NA 59 36 0 2 2 136 92 1 9 9 NA 14535 2 0 
8325 0 0 1 2 344 5 887 NA 147 76 1 10 7 147 100 1 10 10 NA 14535 1 1 
8325 0 0 1 2 345 5 0 NA 92 68 0 5 6 103 60 1 6 5 NA 14535 2 0 
8325 0 0 1 2 346 6 3864 NA 114 28 1 7 1 147 28 1 10 1 NA 14535 0 1 
8325 0 0 1 2 347 6 1 NA 48 76 0 1 7 81 76 0 4 7 NA 14535 0 1 
8325 0 0 1 2 348 5 335 NA 147 52 1 10 4 147 76 1 10 7 NA 14535 1 1 
8325 0 0 1 2 349 5 16 NA 81 52 0 4 4 81 76 0 4 7 NA 14535 1 2 
8325 0 0 1 2 350 2 608 NA 92 60 0 5 5 92 68 0 5 6 NA 14535 1 0 
8325 0 0 1 2 351 5 0 NA 114 52 1 7 4 147 52 1 10 4 NA 14535 0 1 
8325 0 0 1 2 352 5 0 NA 114 76 1 7 7 81 76 0 4 7 NA 14535 0 2 
8325 0 0 1 2 353 2 326 NA 48 28 0 1 1 48 100 0 1 10 NA 14535 1 0 
8325 0 0 1 2 354 7 287 NA 114 76 1 7 7 114 100 1 7 10 NA 14535 1 1 
8325 0 0 1 2 355 5 0 NA 81 28 0 4 1 114 52 1 7 4 NA 14535 2 1 
8325 0 0 1 2 356 2 1712 NA 147 100 1 10 10 48 100 0 1 10 NA 14535 0 0 
8325 0 0 1 2 357 6 1362 NA 92 60 0 5 5 103 60 1 6 5 NA 14535 0 0 
8325 0 0 1 2 358 6 0 NA 48 52 0 1 4 48 76 0 1 7 NA 14535 1 1 
8325 0 0 1 2 359 5 0 NA 48 52 0 1 4 81 52 0 4 4 NA 14535 0 1 
8325 0 0 1 2 360 5 147 NA 147 100 1 10 10 147 28 1 10 1 NA 14535 1 0 
8325 0 0 1 2 361 5 1920 NA 48 28 0 1 1 147 28 1 10 1 NA 14535 0 0 
8325 0 0 1 2 362 4 0 NA 81 28 0 4 1 81 52 0 4 4 NA 14535 1 1 
8325 0 0 1 2 363 6 122 NA 136 92 1 9 9 136 36 1 9 2 NA 14535 1 0 
8325 0 0 1 2 364 6 96 NA 48 52 0 1 4 81 28 0 4 1 NA 14535 2 1 
8325 0 0 1 2 365 6 93 NA 114 76 1 7 7 114 52 1 7 4 NA 14535 1 2 
8325 0 0 1 3 366 0 2051 1 81 44 0 4 3 NA NA NA NA NA NA 14535 NA NA 
8325 0 0 1 3 367 0 1003 0 147 60 1 10 5 NA NA NA NA NA NA 14535 NA NA 
8325 0 0 1 3 368 1 1556 0 70 84 0 3 8 NA NA NA NA NA NA 14535 NA NA 
8325 0 0 1 3 369 0 660 0 114 36 1 7 2 NA NA NA NA NA NA 14535 NA NA 
8325 0 0 1 3 370 0 624 0 103 60 1 6 5 NA NA NA NA NA NA 14535 NA NA 
8325 0 0 1 3 371 0 451 0 125 60 1 8 5 NA NA NA NA NA NA 14535 NA NA 
8325 0 0 1 3 372 0 435 0 125 44 1 8 3 NA NA NA NA NA NA 14535 NA NA 
8325 0 0 1 3 373 0 755 1 59 44 0 2 3 NA NA NA NA NA NA 14535 NA NA 
8325 0 0 1 3 374 0 442 0 114 68 1 7 6 NA NA NA NA NA NA 14535 NA NA 
8325 0 0 1 3 375 1 471 0 92 36 0 5 2 NA NA NA NA NA NA 14535 NA NA 
8325 0 0 1 3 376 1 565 1 125 76 1 8 7 NA NA NA NA NA NA 14535 NA NA 
8325 0 0 1 3 377 1 1569 0 81 92 0 4 9 NA NA NA NA NA NA 14535 NA NA 
8325 0 0 1 3 378 0 689 1 70 52 0 3 4 NA NA NA NA NA NA 14535 NA NA 
8325 0 0 1 3 379 0 762 1 48 84 0 1 8 NA NA NA NA NA NA 14535 NA NA 
8325 0 0 1 3 380 0 1721 1 81 28 0 4 1 NA NA NA NA NA NA 14535 NA NA 
8325 0 0 1 3 381 0 545 1 70 68 0 3 6 NA NA NA NA NA NA 14535 NA NA 
8325 0 0 1 3 382 0 572 0 147 28 1 10 1 NA NA NA NA NA NA 14535 NA NA 
8325 0 0 1 3 383 0 471 1 92 52 0 5 4 NA NA NA NA NA NA 14535 NA NA 
8325 0 0 1 3 384 0 519 0 147 76 1 10 7 NA NA NA NA NA NA 14535 NA NA 
8325 0 0 1 3 385 0 580 1 59 60 0 2 5 NA NA NA NA NA NA 14535 NA NA 
8325 0 0 1 3 386 1 958 0 92 100 0 5 10 NA NA NA NA NA NA 14535 NA NA 
8325 0 0 1 3 387 1 490 0 70 100 0 3 10 NA NA NA NA NA NA 14535 NA NA 
8325 0 0 1 3 388 0 647 1 59 76 0 2 7 NA NA NA NA NA NA 14535 NA NA 
8325 0 0 1 3 389 0 514 1 81 60 0 4 5 NA NA NA NA NA NA 14535 NA NA 
8325 0 0 1 3 390 0 683 1 59 28 0 2 1 NA NA NA NA NA NA 14535 NA NA 
8325 0 0 1 3 391 0 594 1 48 52 0 1 4 NA NA NA NA NA NA 14535 NA NA 
8325 0 0 1 3 392 0 427 0 103 28 1 6 1 NA NA NA NA NA NA 14535 NA NA 
8325 0 0 1 3 393 0 1708 1 70 36 0 3 2 NA NA NA NA NA NA 14535 NA NA 
8325 0 0 1 3 394 0 1172 0 147 44 1 10 3 NA NA NA NA NA NA 14535 NA NA 
8325 0 0 1 3 395 0 789 1 48 36 0 1 2 NA NA NA NA NA NA 14535 NA NA 
8325 0 0 1 3 396 0 2582 0 103 76 1 6 7 NA NA NA NA NA NA 14535 NA NA 
8325 0 0 1 3 397 1 1724 1 103 92 1 6 9 NA NA NA NA NA NA 14535 NA NA 
8325 0 0 1 3 398 0 1226 0 114 84 1 7 8 NA NA NA NA NA NA 14535 NA NA 
8325 0 0 1 3 399 1 1292 1 136 100 1 9 10 NA NA NA NA NA NA 14535 NA NA 
8325 0 0 1 3 400 0 1121 1 92 84 0 5 8 NA NA NA NA NA NA 14535 NA NA 
8325 0 0 1 3 401 0 451 0 103 44 1 6 3 NA NA NA NA NA NA 14535 NA NA 
8325 0 0 1 3 402 0 549 0 125 28 1 8 1 NA NA NA NA NA NA 14535 NA NA 
8325 0 0 1 3 403 0 606 1 92 68 0 5 6 NA NA NA NA NA NA 14535 NA NA 
8325 0 0 1 3 404 1 665 1 147 92 1 10 9 NA NA NA NA NA NA 14535 NA NA 
8325 0 0 1 3 405 0 670 0 114 52 1 7 4 NA NA NA NA NA NA 14535 NA NA 
8325 0 0 1 3 406 0 598 0 136 52 1 9 4 NA NA NA NA NA NA 14535 NA NA 
8325 0 0 1 3 407 0 494 0 136 84 1 9 8 NA NA NA NA NA NA 14535 NA NA 
8325 0 0 1 3 408 0 610 1 81 76 0 4 7 NA NA NA NA NA NA 14535 NA NA 
8325 0 0 1 3 409 0 485 0 136 68 1 9 6 NA NA NA NA NA NA 14535 NA NA 
8325 0 0 1 3 410 1 549 0 48 100 0 1 10 NA NA NA NA NA NA 14535 NA NA 
8325 0 0 1 3 411 1 1967 1 125 92 1 8 9 NA NA NA NA NA NA 14535 NA NA 
8325 0 0 1 3 412 1 1025 0 59 92 0 2 9 NA NA NA NA NA NA 14535 NA NA 
8325 0 0 1 3 413 0 2262 1 48 68 0 1 6 NA NA NA NA NA NA 14535 NA NA 
8325 0 0 1 3 414 1 678 1 114 100 1 7 10 NA NA NA NA NA NA 14535 NA NA 
8325 0 0 1 3 415 0 798 0 136 36 1 9 2 NA NA NA NA NA NA 14535 NA NA 
Thu Apr 17 13:52:44 2014 
