-29 -36 
8328 0 0 0 1 0 1 2745 0 52 -68 0 2 2 96 -36 1 6 6 42 42 NA NA 
8328 0 0 0 1 1 0 2476 1 41 -44 0 1 5 107 -20 1 7 8 74 116 NA NA 
8328 0 0 0 1 2 0 1960 1 41 -20 0 1 8 74 -28 0 4 7 46 162 NA NA 
8328 0 0 0 1 3 1 2013 1 52 -60 0 2 3 63 -20 0 3 8 60 222 NA NA 
8328 0 0 0 1 4 1 2114 0 118 -44 1 8 5 107 -68 1 7 2 55 277 NA NA 
8328 0 0 0 1 5 0 1957 0 107 -4 1 7 10 129 -68 1 9 2 30 307 NA NA 
8328 0 0 0 1 6 1 1203 1 140 -28 1 10 7 41 -28 0 1 7 82 389 NA NA 
8328 0 0 0 1 7 0 905 1 74 -20 0 4 8 85 -52 0 5 4 32 421 NA NA 
8328 0 0 0 1 8 1 911 1 129 -20 1 9 8 74 -52 0 4 4 74 495 NA NA 
8328 0 0 0 1 9 0 836 0 129 -36 1 9 6 129 -28 1 9 7 29 524 NA NA 
8328 0 0 0 1 10 1 814 1 85 -36 0 5 6 74 -76 0 4 1 50 574 NA NA 
8328 0 0 0 1 11 1 3474 1 41 -4 0 1 10 52 -20 0 2 8 56 630 NA NA 
8328 0 0 0 1 12 1 1155 1 96 -28 1 6 7 63 -76 0 3 1 71 701 NA NA 
8328 0 0 0 1 13 0 1070 0 118 -68 1 8 2 41 -36 0 1 6 33 734 NA NA 
8328 0 0 0 1 14 0 878 0 140 -52 1 10 4 118 -20 1 8 8 38 772 NA NA 
8328 0 0 0 1 15 1 920 1 129 -60 1 9 3 52 -12 0 2 9 28 800 NA NA 
8328 0 0 0 1 16 1 2032 1 118 -60 1 8 3 74 -12 0 4 9 27 827 NA NA 
8328 0 0 0 1 17 0 882 1 41 -52 0 1 4 140 -44 1 10 5 65 892 NA NA 
8328 0 0 0 1 18 0 5593 1 74 -44 0 4 5 118 -36 1 8 6 68 960 NA NA 
8328 0 0 0 1 19 0 1944 1 63 -4 0 3 10 74 -4 0 4 10 58 1018 NA NA 
8328 0 0 0 1 20 1 1810 1 52 -52 0 2 4 41 -12 0 1 9 58 1076 NA NA 
8328 0 0 0 1 21 0 1158 1 52 -44 0 2 5 96 -52 1 6 4 37 1113 NA NA 
8328 0 0 0 1 22 0 1838 1 85 -4 0 5 10 118 -28 1 8 7 66 1179 NA NA 
8328 0 0 0 1 23 0 1277 0 96 -20 1 6 8 107 -76 1 7 1 52 1231 NA NA 
8328 0 0 0 1 24 0 516 1 41 -76 0 1 1 41 -68 0 1 2 30 1261 NA NA 
8328 0 0 0 1 25 0 542 1 63 -60 0 3 3 63 -12 0 3 9 60 1321 NA NA 
8328 0 0 0 1 26 0 637 0 96 -68 1 6 2 85 -12 0 5 9 36 1357 NA NA 
8328 0 0 0 1 27 1 1667 0 107 -12 1 7 9 140 -12 1 10 9 35 1392 NA NA 
8328 0 0 0 1 28 1 792 1 63 -68 0 3 2 52 -76 0 2 1 72 1464 NA NA 
8328 0 0 0 1 29 0 1123 1 74 -68 0 4 2 85 -68 0 5 2 43 1507 NA NA 
8328 0 0 0 1 30 1 867 1 129 -44 1 9 5 85 -28 0 5 7 79 1586 NA NA 
8328 0 0 0 1 31 0 678 1 52 -28 0 2 7 107 -44 1 7 5 49 1635 NA NA 
8328 0 0 0 1 32 0 826 1 85 -20 0 5 8 96 -12 1 6 9 72 1707 NA NA 
8328 0 0 0 1 33 0 997 0 96 -76 1 6 1 140 -20 1 10 8 47 1754 NA NA 
8328 0 0 0 1 34 1 808 1 140 -68 1 10 2 85 -60 0 5 3 49 1803 NA NA 
8328 0 0 0 1 35 1 722 1 140 -60 1 10 3 74 -60 0 4 3 82 1885 NA NA 
8328 0 0 0 1 36 0 846 0 96 -4 1 6 10 107 -28 1 7 7 58 1943 NA NA 
8328 0 0 0 1 37 1 681 1 107 -60 1 7 3 63 -28 0 3 7 50 1993 NA NA 
8328 0 0 0 1 38 1 760 0 129 -4 1 9 10 96 -44 1 6 5 65 2058 NA NA 
8328 0 0 0 1 39 1 694 0 118 -52 1 8 4 96 -60 1 6 3 23 2081 NA NA 
8328 0 0 0 1 40 1 650 1 129 -44 1 9 5 63 -36 0 3 6 55 2136 NA NA 
8328 0 0 0 1 41 1 711 1 140 -12 1 10 9 52 -4 0 2 10 60 2196 NA NA 
8328 0 0 0 1 42 0 694 1 85 -60 0 5 3 118 -12 1 8 9 71 2267 NA NA 
8328 0 0 0 1 43 0 1302 0 129 -28 1 9 7 107 -12 1 7 9 27 2294 NA NA 
8328 0 0 0 1 44 1 1086 1 63 -52 0 3 4 52 -68 0 2 2 34 2328 NA NA 
8328 0 0 0 1 45 1 792 1 96 -36 1 6 6 52 -60 0 2 3 63 2391 NA NA 
8328 0 0 0 1 46 0 1252 0 140 -76 1 10 1 96 -28 1 6 7 30 2421 NA NA 
8328 0 0 0 1 47 0 638 1 41 -4 0 1 10 129 -60 1 9 3 68 2489 NA NA 
8328 0 0 0 1 48 1 622 1 118 -44 1 8 5 63 -60 0 3 3 47 2536 NA NA 
8328 0 0 0 1 49 1 2234 1 107 -68 1 7 2 41 -68 0 1 2 53 2589 NA NA 
8328 0 0 0 1 50 0 570 1 63 -20 0 3 8 118 -28 1 8 7 69 2658 NA NA 
8328 0 0 0 1 51 0 623 1 52 -76 0 2 1 74 -60 0 4 3 30 2688 NA NA 
8328 0 0 0 1 52 1 1107 0 118 -60 1 8 3 140 -60 1 10 3 25 2713 NA NA 
8328 0 0 0 1 53 1 560 1 107 -20 1 7 8 74 -4 0 4 10 72 2785 NA NA 
8328 0 0 0 1 54 1 1131 1 63 -12 0 3 9 63 -44 0 3 5 46 2831 NA NA 
8328 0 0 0 1 55 0 738 1 85 -28 0 5 7 140 -36 1 10 6 68 2899 NA NA 
8328 0 0 0 1 56 1 899 0 107 -28 1 7 7 96 -76 1 6 1 27 2926 NA NA 
8328 0 0 0 1 57 0 1175 1 85 -20 0 5 8 74 -68 0 4 2 66 2992 NA NA 
8328 0 0 0 1 58 1 786 1 129 -68 1 9 2 74 -28 0 4 7 47 3039 NA NA 
8328 0 0 0 1 59 1 851 1 107 -60 1 7 3 85 -12 0 5 9 70 3109 NA NA 
8328 0 0 0 1 60 0 804 0 96 -44 1 6 5 140 -68 1 10 2 15 3124 NA NA 
8328 0 0 0 1 61 1 896 1 140 -44 1 10 5 63 -68 0 3 2 58 3182 NA NA 
8328 0 0 0 1 62 1 1192 1 74 -12 0 4 9 41 -44 0 1 5 32 3214 NA NA 
8328 0 0 0 1 63 1 902 1 107 -44 1 7 5 85 -44 0 5 5 49 3263 NA NA 
8328 0 0 0 1 64 0 952 0 96 -52 1 6 4 96 -60 1 6 3 17 3280 NA NA 
8328 0 0 0 1 65 1 876 1 96 -4 1 6 10 52 -20 0 2 8 45 3325 NA NA 
8328 0 0 0 1 66 1 582 1 74 -36 0 4 6 52 -52 0 2 4 44 3369 NA NA 
8328 0 0 0 1 67 1 761 1 96 -20 1 6 8 63 -76 0 3 1 23 3392 NA NA 
8328 0 0 0 1 68 0 1084 0 118 -20 1 8 8 129 -4 1 9 10 35 3427 NA NA 
8328 0 0 0 1 69 0 661 1 41 -12 0 1 9 118 -68 1 8 2 54 3481 NA NA 
8328 0 0 0 1 70 0 725 1 52 -36 0 2 6 96 -68 1 6 2 46 3527 NA NA 
8328 0 0 0 1 71 1 499 1 41 -52 0 1 4 41 -36 0 1 6 79 3606 NA NA 
8328 0 0 0 1 72 0 845 1 85 -52 0 5 4 129 -12 1 9 9 66 3672 NA NA 
8328 0 0 0 1 73 1 1289 0 118 -36 1 8 6 129 -52 1 9 4 36 3708 NA NA 
8328 0 0 0 1 74 1 619 1 107 -36 1 7 6 74 -44 0 4 5 61 3769 NA NA 
8328 0 0 0 1 75 0 1168 0 129 -76 1 9 1 107 -76 1 7 1 -10 3759 NA NA 
8328 0 0 0 1 76 1 826 1 52 -44 0 2 5 52 -28 0 2 7 43 3802 NA NA 
8328 0 0 0 1 77 0 725 1 41 -76 0 1 1 118 -4 1 8 10 64 3866 NA NA 
8328 0 0 0 1 78 1 824 1 63 -4 0 3 10 63 -28 0 3 7 63 3929 NA NA 
8328 0 0 0 1 79 1 764 1 85 -68 0 5 2 41 -28 0 1 7 48 3977 NA NA 
8328 0 0 0 1 80 0 984 1 85 -44 0 5 5 96 -28 1 6 7 89 4066 NA NA 
8328 0 0 0 1 81 1 1051 0 107 -60 1 7 3 140 -36 1 10 6 12 4078 NA NA 
8328 0 0 0 1 82 0 929 1 52 -52 0 2 4 63 -60 0 3 3 50 4128 NA NA 
8328 0 0 0 1 83 1 769 1 85 -20 0 5 8 52 -12 0 2 9 50 4178 NA NA 
8328 0 0 0 1 84 0 782 1 52 -44 0 2 5 107 -36 1 7 6 44 4222 NA NA 
8328 0 0 0 1 85 0 667 1 41 -20 0 1 8 129 -28 1 9 7 65 4287 NA NA 
8328 0 0 0 1 86 0 988 1 52 -36 0 2 6 107 -12 1 7 9 56 4343 NA NA 
8328 0 0 0 1 87 1 818 1 140 -44 1 10 5 63 -28 0 3 7 44 4387 NA NA 
8328 0 0 0 1 88 1 826 1 129 -12 1 9 9 85 -4 0 5 10 64 4451 NA NA 
8328 0 0 0 1 89 1 610 1 85 -28 0 5 7 41 -28 0 1 7 52 4503 NA NA 
8328 0 0 0 1 90 1 615 1 129 -4 1 9 10 63 -52 0 3 4 75 4578 NA NA 
8328 0 0 0 1 91 0 1178 1 74 -20 0 4 8 74 -68 0 4 2 47 4625 NA NA 
8328 0 0 0 1 92 0 1272 1 85 -52 0 5 4 96 -20 1 6 8 66 4691 NA NA 
8328 0 0 0 1 93 1 699 1 96 -76 1 6 1 63 -20 0 3 8 60 4751 NA NA 
8328 0 0 0 1 94 1 2731 0 107 -52 1 7 4 96 -36 1 6 6 32 4783 NA NA 
8328 0 0 0 1 95 1 786 1 74 -44 0 4 5 52 -68 0 2 2 54 4837 NA NA 
8328 0 0 0 1 96 1 2973 0 118 -68 1 8 2 118 -44 1 8 5 39 4876 NA NA 
8328 0 0 0 1 97 0 1154 1 74 -76 0 4 1 118 -36 1 8 6 61 4937 NA NA 
8328 0 0 0 1 98 0 1098 1 74 -60 0 4 3 96 -60 1 6 3 61 4998 NA NA 
8328 0 0 0 1 99 0 2085 0 107 -44 1 7 5 74 -28 0 4 7 18 5016 NA NA 
8328 0 0 0 1 100 1 828 0 74 -4 0 4 10 118 -20 1 8 8 54 5070 NA NA 
8328 0 0 0 1 101 0 1098 1 85 -60 0 5 3 96 -4 1 6 10 66 5136 NA NA 
8328 0 0 0 1 102 1 915 1 85 -36 0 5 6 63 -36 0 3 6 55 5191 NA NA 
8328 0 0 0 1 103 1 1353 1 107 -76 1 7 1 41 -36 0 1 6 48 5239 NA NA 
8328 0 0 0 1 104 1 1053 0 74 -12 0 4 9 129 -60 1 9 3 47 5286 NA NA 
8328 0 0 0 1 105 1 3535 1 140 -4 1 10 10 85 -76 0 5 1 79 5365 NA NA 
8328 0 0 0 1 106 1 1865 0 107 -4 1 7 10 140 -52 1 10 4 33 5398 NA NA 
8328 0 0 0 1 107 0 863 1 41 -52 0 1 4 52 -4 0 2 10 44 5442 NA NA 
8328 0 0 0 1 108 0 745 1 85 -68 0 5 2 96 -12 1 6 9 51 5493 NA NA 
8328 0 0 0 1 109 0 1256 0 96 -44 1 6 5 63 -76 0 3 1 47 5540 NA NA 
8328 0 0 0 1 110 1 1105 1 118 -4 1 8 10 85 -12 0 5 9 53 5593 NA NA 
8328 0 0 0 1 111 1 1042 0 41 -4 0 1 10 118 -52 1 8 4 41 5634 NA NA 
8328 0 0 0 1 112 0 1054 0 140 -20 1 10 8 41 -76 0 1 1 50 5684 NA NA 
8328 0 0 0 1 113 0 863 1 74 -52 0 4 4 140 -12 1 10 9 63 5747 NA NA 
8328 0 0 0 1 114 0 1639 0 129 -52 1 9 4 74 -36 0 4 6 42 5789 NA NA 
8328 0 0 0 1 115 1 1135 1 52 -20 0 2 8 52 -76 0 2 1 50 5839 NA NA 
8328 0 0 0 1 116 0 784 1 41 -44 0 1 5 107 -20 1 7 8 47 5886 NA NA 
8328 0 0 0 1 117 0 855 0 140 -76 1 10 1 129 -20 1 9 8 29 5915 NA NA 
8328 0 0 0 1 118 1 2113 1 52 -60 0 2 3 63 -44 0 3 5 71 5986 NA NA 
8328 0 0 0 1 119 0 772 0 140 -60 1 10 3 118 -76 1 8 1 54 6040 NA NA 
8328 0 0 0 1 120 1 883 1 85 -12 0 5 9 74 -36 0 4 6 61 6101 NA NA 
8328 0 0 0 1 121 0 1144 0 129 -36 1 9 6 41 -20 0 1 8 44 6145 NA NA 
8328 0 0 0 1 122 1 865 1 129 -12 1 9 9 41 -36 0 1 6 48 6193 NA NA 
8328 0 0 0 1 123 0 940 1 41 -44 0 1 5 52 -76 0 2 1 85 6278 NA NA 
8328 0 0 0 1 124 1 864 0 129 -20 1 9 8 118 -60 1 8 3 43 6321 NA NA 
8328 0 0 0 1 125 0 847 0 118 -68 1 8 2 129 -44 1 9 5 42 6363 NA NA 
8328 0 0 0 1 126 0 817 1 85 -60 0 5 3 140 -12 1 10 9 56 6419 NA NA 
8328 0 0 0 1 127 0 1644 1 85 -20 0 5 8 118 -12 1 8 9 45 6464 NA NA 
8328 0 0 0 1 128 1 1395 1 129 -60 1 9 3 63 -52 0 3 4 47 6511 NA NA 
8328 0 0 0 1 129 1 1061 0 41 -28 0 1 7 107 -44 1 7 5 28 6539 NA NA 
8328 0 0 0 1 130 1 888 1 140 -76 1 10 1 41 -60 0 1 3 60 6599 NA NA 
8328 0 0 0 1 131 0 1228 1 41 -76 0 1 1 118 -36 1 8 6 62 6661 NA NA 
8328 0 0 0 1 132 1 818 1 140 -28 1 10 7 85 -44 0 5 5 64 6725 NA NA 
8328 0 0 0 1 133 0 1390 1 74 -20 0 4 8 129 -4 1 9 10 46 6771 NA NA 
8328 0 0 0 1 134 0 974 0 129 -68 1 9 2 107 -12 1 7 9 40 6811 NA NA 
8328 0 0 0 1 135 0 1577 0 107 -20 1 7 8 107 -52 1 7 4 22 6833 NA NA 
8328 0 0 0 1 136 1 783 1 96 -12 1 6 9 85 -68 0 5 2 47 6880 NA NA 
8328 0 0 0 1 137 1 858 0 129 -28 1 9 7 96 -44 1 6 5 34 6914 NA NA 
8328 0 0 0 1 138 0 771 1 74 -44 0 4 5 140 -68 1 10 2 71 6985 NA NA 
8328 0 0 0 1 139 0 1460 0 118 -76 1 8 1 118 -20 1 8 8 49 7034 NA NA 
8328 0 0 0 1 140 0 1294 0 96 -36 1 6 6 74 -12 0 4 9 36 7070 NA NA 
8328 0 0 0 1 141 0 1924 1 41 -12 0 1 9 118 -4 1 8 10 57 7127 NA NA 
8328 0 0 0 1 142 1 750 0 107 -4 1 7 10 118 -28 1 8 7 51 7178 NA NA 
8328 0 0 0 1 143 0 845 1 74 -52 0 4 4 85 -4 0 5 10 68 7246 NA NA 
8328 0 0 0 1 144 0 1659 0 107 -36 1 7 6 140 -44 1 10 5 47 7293 NA NA 
8328 0 0 0 1 145 1 1499 1 52 -28 0 2 7 63 -68 0 3 2 57 7350 NA NA 
8328 0 0 0 1 146 1 1113 1 41 -4 0 1 10 63 -12 0 3 9 51 7401 NA NA 
8328 0 0 0 1 147 0 759 0 129 -76 1 9 1 74 -4 0 4 10 24 7425 NA NA 
8328 0 0 0 1 148 0 1108 1 41 -52 0 1 4 74 -60 0 4 3 67 7492 NA NA 
8328 0 0 0 1 149 1 3098 1 63 -20 0 3 8 52 -68 0 2 2 37 7529 NA NA 
8328 0 0 0 1 150 0 830 0 140 -60 1 10 3 96 -4 1 6 10 44 7573 NA NA 
8328 0 0 0 1 151 1 1260 1 96 -60 1 6 3 85 -52 0 5 4 61 7634 NA NA 
8328 0 0 0 1 152 0 770 1 52 -60 0 2 3 52 -52 0 2 4 65 7699 NA NA 
8328 0 0 0 1 153 0 3856 1 52 -20 0 2 8 52 -12 0 2 9 47 7746 NA NA 
8328 0 0 0 1 154 0 1469 1 74 -76 0 4 1 85 -36 0 5 6 75 7821 NA NA 
8328 0 0 0 1 155 1 917 1 140 -52 1 10 4 74 -68 0 4 2 60 7881 NA NA 
8328 0 0 0 1 156 0 1388 1 63 -28 0 3 7 118 -44 1 8 5 57 7938 NA NA 
8328 0 0 0 1 157 1 686 1 96 -68 1 6 2 52 -36 0 2 6 45 7983 NA NA 
8328 0 0 0 1 158 0 2978 1 63 -44 0 3 5 74 -28 0 4 7 53 8036 NA NA 
8328 0 0 0 1 159 1 1770 0 96 -28 1 6 7 96 -76 1 6 1 40 8076 NA NA 
8328 0 0 0 1 160 1 782 1 85 -4 0 5 10 85 -36 0 5 6 57 8133 NA NA 
8328 0 0 0 1 161 0 1898 0 107 -44 1 7 5 74 -28 0 4 7 34 8167 NA NA 
8328 0 0 0 1 162 1 581 1 129 -28 1 9 7 41 -68 0 1 2 93 8260 NA NA 
8328 0 0 0 1 163 1 815 1 52 -12 0 2 9 74 -60 0 4 3 47 8307 NA NA 
8328 0 0 0 1 164 1 549 1 107 -12 1 7 9 41 -12 0 1 9 83 8390 NA NA 
8328 0 0 0 1 165 0 555 0 96 -52 1 6 4 140 -4 1 10 10 31 8421 NA NA 
8328 0 0 0 1 166 0 608 0 96 -76 1 6 1 107 -4 1 7 10 51 8472 NA NA 
8328 0 0 0 1 167 0 645 1 74 -12 0 4 9 96 -20 1 6 8 64 8536 NA NA 
8328 0 0 0 1 168 1 538 1 96 -12 1 6 9 74 -68 0 4 2 50 8586 NA NA 
8328 0 0 0 1 169 1 731 1 52 -68 0 2 2 41 -52 0 1 4 59 8645 NA NA 
8328 0 0 0 1 170 0 506 1 63 -44 0 3 5 129 -12 1 9 9 58 8703 NA NA 
8328 0 0 0 1 171 1 850 0 140 -76 1 10 1 118 -12 1 8 9 30 8733 NA NA 
8328 0 0 0 1 172 1 539 1 107 -20 1 7 8 74 -20 0 4 8 46 8779 NA NA 
8328 0 0 0 1 173 1 567 1 85 -20 0 5 8 85 -76 0 5 1 82 8861 NA NA 
8328 0 0 0 1 174 0 996 0 96 -28 1 6 7 107 -52 1 7 4 25 8886 NA NA 
8328 0 0 0 1 175 1 599 0 140 -20 1 10 8 118 -60 1 8 3 23 8909 NA NA 
8328 0 0 0 1 176 1 622 1 74 -4 0 4 10 41 -76 0 1 1 78 8987 NA NA 
8328 0 0 0 1 177 0 1220 1 63 -28 0 3 7 52 -36 0 2 6 54 9041 NA NA 
8328 0 0 0 1 178 0 696 1 63 -68 0 3 2 107 -76 1 7 1 86 9127 NA NA 
8328 0 0 0 1 179 0 711 0 129 -68 1 9 2 129 -52 1 9 4 51 9178 NA NA 
8328 0 0 0 1 180 1 1558 1 41 -4 0 1 10 85 -52 0 5 4 60 9238 NA NA 
8328 0 0 0 1 181 0 721 0 140 -44 1 10 5 129 -36 1 9 6 48 9286 NA NA 
8328 0 0 0 1 182 1 836 1 140 -52 1 10 4 52 -44 0 2 5 85 9371 NA NA 
8328 0 0 0 1 183 1 1482 1 96 -44 1 6 5 85 -60 0 5 3 86 9457 NA NA 
8328 0 0 0 1 184 0 920 1 41 -20 0 1 8 63 -76 0 3 1 60 9517 NA NA 
8328 0 0 0 1 185 1 604 0 107 -28 1 7 7 107 -60 1 7 3 43 9560 NA NA 
8328 0 0 0 1 186 0 896 1 74 -76 0 4 1 85 -44 0 5 5 72 9632 NA NA 
8328 0 0 0 1 187 1 1405 1 52 -20 0 2 8 52 -76 0 2 1 56 9688 NA NA 
8328 0 0 0 1 188 0 698 1 41 -60 0 1 3 96 -4 1 6 10 53 9741 NA NA 
8328 0 0 0 1 189 1 569 1 118 -36 1 8 6 63 -36 0 3 6 48 9789 NA NA 
8328 0 0 0 1 190 1 731 1 74 -36 0 4 6 52 -60 0 2 3 60 9849 NA NA 
8328 0 0 0 1 191 0 541 0 118 -76 1 8 1 140 -60 1 10 3 67 9916 NA NA 
8328 0 0 0 1 192 0 760 1 41 -44 0 1 5 140 -28 1 10 7 61 9977 NA NA 
8328 0 0 0 1 193 1 1455 0 129 -44 1 9 5 107 -36 1 7 6 35 10012 NA NA 
8328 0 0 0 1 194 0 1150 0 96 -68 1 6 2 96 -36 1 6 6 40 10052 NA NA 
8328 0 0 0 1 195 1 908 1 52 -4 0 2 10 52 -52 0 2 4 58 10110 NA NA 
8328 0 0 0 1 196 1 1094 1 63 -20 0 3 8 41 -28 0 1 7 76 10186 NA NA 
8328 0 0 0 1 197 1 751 1 140 -12 1 10 9 63 -12 0 3 9 64 10250 NA NA 
8328 0 0 0 1 198 0 558 0 96 -60 1 6 3 129 -4 1 9 10 64 10314 NA NA 
8328 0 0 0 1 199 0 2238 1 85 -12 0 5 9 118 -68 1 8 2 49 10363 NA NA 
8328 0 0 0 1 200 1 578 1 140 -52 1 10 4 41 -68 0 1 2 26 10389 NA NA 
8328 0 0 0 1 201 0 621 1 52 -68 0 2 2 74 -52 0 4 4 44 10433 NA NA 
8328 0 0 0 1 202 1 959 0 96 -4 1 6 10 129 -20 1 9 8 63 10496 NA NA 
8328 0 0 0 1 203 0 960 1 63 -60 0 3 3 74 -44 0 4 5 72 10568 NA NA 
8328 0 0 0 1 204 1 821 1 140 -60 1 10 3 41 -44 0 1 5 19 10587 NA NA 
8328 0 0 0 1 205 1 1152 1 96 -28 1 6 7 85 -28 0 5 7 61 10648 NA NA 
8328 0 0 0 1 206 1 2065 1 52 -76 0 2 1 52 -60 0 2 3 29 10677 NA NA 
8328 0 0 0 1 207 1 1008 1 52 -44 0 2 5 74 -76 0 4 1 65 10742 NA NA 
8328 0 0 0 1 208 0 1908 1 85 -52 0 5 4 63 -76 0 3 1 58 10800 NA NA 
8328 0 0 0 1 209 1 1135 0 85 -20 0 5 8 129 -60 1 9 3 46 10846 NA NA 
8328 0 0 0 1 210 0 923 0 129 -36 1 9 6 129 -28 1 9 7 36 10882 NA NA 
8328 0 0 0 1 211 1 1848 0 85 -12 0 5 9 107 -12 1 7 9 15 10897 NA NA 
8328 0 0 0 1 212 1 814 1 118 -4 1 8 10 85 -60 0 5 3 72 10969 NA NA 
8328 0 0 0 1 213 1 1962 0 140 -44 1 10 5 107 -44 1 7 5 44 11013 NA NA 
8328 0 0 0 1 214 1 1860 0 52 -28 0 2 7 107 -52 1 7 4 44 11057 NA NA 
8328 0 0 0 1 215 1 886 0 129 -4 1 9 10 118 -68 1 8 2 50 11107 NA NA 
8328 0 0 0 1 216 0 1066 1 85 -76 0 5 1 74 -12 0 4 9 89 11196 NA NA 
8328 0 0 0 1 217 0 808 1 41 -60 0 1 3 118 -12 1 8 9 70 11266 NA NA 
8328 0 0 0 1 218 0 834 1 74 -60 0 4 3 41 -12 0 1 9 50 11316 NA NA 
8328 0 0 0 1 219 1 861 0 74 -4 0 4 10 107 -36 1 7 6 21 11337 NA NA 
8328 0 0 0 1 220 0 507 1 85 -44 0 5 5 107 -76 1 7 1 44 11381 NA NA 
8328 0 0 0 1 221 1 893 0 118 -52 1 8 4 96 -60 1 6 3 41 11422 NA NA 
8328 0 0 0 1 222 1 1076 0 96 -36 1 6 6 118 -44 1 8 5 32 11454 NA NA 
8328 0 0 0 1 223 0 627 1 52 -52 0 2 4 96 -12 1 6 9 71 11525 NA NA 
8328 0 0 0 1 224 0 1127 0 96 -76 1 6 1 41 -4 0 1 10 50 11575 NA NA 
8328 0 0 0 1 225 1 742 1 74 -20 0 4 8 74 -36 0 4 6 85 11660 NA NA 
8328 0 0 0 1 226 1 752 1 140 -12 1 10 9 63 -12 0 3 9 54 11714 NA NA 
8328 0 0 0 1 227 1 686 1 52 -12 0 2 9 41 -76 0 1 1 73 11787 NA NA 
8328 0 0 0 1 228 0 620 1 63 -52 0 3 4 118 -36 1 8 6 62 11849 NA NA 
8328 0 0 0 1 229 1 1681 0 52 -20 0 2 8 129 -68 1 9 2 47 11896 NA NA 
8328 0 0 0 1 230 1 715 1 52 -4 0 2 10 74 -28 0 4 7 60 11956 NA NA 
8328 0 0 0 1 231 1 692 1 140 -20 1 10 8 63 -68 0 3 2 63 12019 NA NA 
8328 0 0 0 1 232 0 756 0 96 -52 1 6 4 140 -36 1 10 6 19 12038 NA NA 
8328 0 0 0 1 233 1 2465 0 129 -76 1 9 1 118 -76 1 8 1 27 12065 NA NA 
8328 0 0 0 1 234 1 650 1 63 -4 0 3 10 41 -28 0 1 7 71 12136 NA NA 
8328 0 0 0 1 235 1 981 1 107 -20 1 7 8 63 -28 0 3 7 52 12188 NA NA 
8328 0 0 0 1 236 0 634 1 63 -44 0 3 5 107 -4 1 7 10 64 12252 NA NA 
8328 0 0 0 1 237 0 700 1 85 -68 0 5 2 96 -68 1 6 2 44 12296 NA NA 
8328 0 0 0 1 238 0 1210 1 41 -36 0 1 6 118 -60 1 8 3 96 12392 NA NA 
8328 0 0 0 1 239 1 1034 0 140 -68 1 10 2 107 -60 1 7 3 62 12454 NA NA 
8328 0 0 0 1 240 1 935 1 74 -20 0 4 8 41 -60 0 1 3 67 12521 NA NA 
8328 0 0 0 1 241 1 1676 1 63 -12 0 3 9 63 -4 0 3 10 38 12559 NA NA 
8328 0 0 0 1 242 0 879 0 118 -44 1 8 5 118 -12 1 8 9 60 12619 NA NA 
8328 0 0 0 1 243 1 1194 1 52 -28 0 2 7 41 -4 0 1 10 48 12667 NA NA 
8328 0 0 0 1 244 1 838 1 107 -44 1 7 5 63 -76 0 3 1 81 12748 NA NA 
8328 0 0 0 1 245 1 910 1 140 -44 1 10 5 41 -68 0 1 2 91 12839 NA NA 
8328 0 0 0 1 246 1 547 1 129 -76 1 9 1 52 -76 0 2 1 51 12890 NA NA 
8328 0 0 0 1 247 1 1594 1 129 -12 1 9 9 74 -4 0 4 10 51 12941 NA NA 
8328 0 0 0 1 248 1 1169 1 107 -20 1 7 8 63 -52 0 3 4 68 13009 NA NA 
8328 0 0 0 1 249 0 2858 1 74 -28 0 4 7 118 -68 1 8 2 69 13078 NA NA 
8328 0 0 0 1 250 1 575 1 140 -28 1 10 7 52 -4 0 2 10 36 13114 NA NA 
8328 0 0 0 1 251 0 579 0 96 -52 1 6 4 107 -52 1 7 4 38 13152 NA NA 
8328 0 0 0 1 252 0 585 0 96 -60 1 6 3 140 -20 1 10 8 20 13172 NA NA 
8328 0 0 0 1 253 0 673 1 85 -20 0 5 8 129 -36 1 9 6 74 13246 NA NA 
8328 0 0 0 1 254 0 861 1 52 -20 0 2 8 118 -52 1 8 4 63 13309 NA NA 
8328 0 0 0 1 255 0 807 0 129 -68 1 9 2 140 -60 1 10 3 42 13351 NA NA 
8328 0 0 0 1 256 1 1007 1 52 -52 0 2 4 52 -36 0 2 6 65 13416 NA NA 
8328 0 0 0 1 257 1 672 1 129 -52 1 9 4 41 -52 0 1 4 33 13449 NA NA 
8328 0 0 0 1 258 0 1304 0 129 -44 1 9 5 118 -76 1 8 1 40 13489 NA NA 
8328 0 0 0 1 259 0 825 1 63 -60 0 3 3 96 -28 1 6 7 49 13538 NA NA 
8328 0 0 0 1 260 1 1027 1 41 -76 0 1 1 63 -20 0 3 8 61 13599 NA NA 
8328 0 0 0 1 261 0 1091 1 74 -60 0 4 3 41 -12 0 1 9 45 13644 NA NA 
8328 0 0 0 1 262 0 963 0 96 -4 1 6 10 129 -20 1 9 8 36 13680 NA NA 
8328 0 0 0 1 263 1 1035 1 85 -76 0 5 1 52 -60 0 2 3 49 13729 NA NA 
8328 0 0 0 1 264 0 1526 0 107 -68 1 7 2 85 -44 0 5 5 74 13803 NA NA 
8328 0 0 0 1 265 0 1763 1 41 -36 0 1 6 140 -68 1 10 2 36 13839 NA NA 
8328 0 0 0 1 266 0 2067 1 52 -44 0 2 5 140 -36 1 10 6 55 13894 NA NA 
8328 0 0 0 1 267 1 1016 1 140 -12 1 10 9 74 -36 0 4 6 49 13943 NA NA 
8328 0 0 0 1 268 0 1040 1 41 -44 0 1 5 107 -76 1 7 1 28 13971 NA NA 
8328 0 0 0 1 269 0 1389 1 74 -76 0 4 1 96 -12 1 6 9 50 14021 NA NA 
8328 0 0 0 1 270 0 637 1 74 -44 0 4 5 96 -44 1 6 5 61 14082 NA NA 
8328 0 0 0 1 271 1 1039 0 96 -76 1 6 1 96 -68 1 6 2 52 14134 NA NA 
8328 0 0 0 1 272 1 742 1 85 -4 0 5 10 85 -52 0 5 4 80 14214 NA NA 
8328 0 0 0 1 273 1 735 1 107 -4 1 7 10 85 -68 0 5 2 60 14274 NA NA 
8328 0 0 0 1 274 1 622 0 129 -28 1 9 7 107 -60 1 7 3 45 14319 NA NA 
8328 0 0 0 1 275 0 704 0 118 -60 1 8 3 96 -20 1 6 8 29 14348 NA NA 
8328 0 0 0 1 276 1 1261 0 107 -28 1 7 7 96 -36 1 6 6 40 14388 NA NA 
8328 0 0 0 1 277 1 1005 1 85 -36 0 5 6 41 -20 0 1 8 46 14434 NA NA 
8328 0 0 0 1 278 1 842 1 63 -28 0 3 7 63 -68 0 3 2 79 14513 NA NA 
8328 0 0 0 1 279 0 642 1 52 -68 0 2 2 140 -4 1 10 10 29 14542 NA NA 
8328 0 0 0 1 280 0 981 0 129 -76 1 9 1 140 -44 1 10 5 42 14584 NA NA 
8328 0 0 0 1 281 0 634 1 41 -68 0 1 2 140 -20 1 10 8 88 14672 NA NA 
8328 0 0 0 1 282 0 1039 0 107 -76 1 7 1 41 -4 0 1 10 61 14733 NA NA 
8328 0 0 0 1 283 1 729 1 129 -12 1 9 9 85 -36 0 5 6 87 14820 NA NA 
8328 0 0 0 1 284 0 762 0 118 -52 1 8 4 118 -20 1 8 8 48 14868 NA NA 
8328 0 0 0 1 285 0 1414 0 96 -36 1 6 6 140 -28 1 10 7 29 14897 NA NA 
8328 0 0 0 1 286 0 901 1 41 -52 0 1 4 63 -20 0 3 8 62 14959 NA NA 
8328 0 0 0 1 287 1 1203 1 52 -12 0 2 9 41 -12 0 1 9 70 15029 NA NA 
8328 0 0 0 1 288 0 631 1 52 -68 0 2 2 129 -36 1 9 6 68 15097 NA NA 
8328 0 0 0 1 289 0 953 1 52 -60 0 2 3 63 -12 0 3 9 52 15149 NA NA 
8328 0 0 0 1 290 0 1165 1 63 -36 0 3 6 63 -44 0 3 5 37 15186 NA NA 
8328 0 0 0 1 291 1 1182 0 41 -36 0 1 6 96 -28 1 6 7 55 15241 NA NA 
8328 0 0 0 1 292 0 596 1 52 -76 0 2 1 140 -36 1 10 6 68 15309 NA NA 
8328 0 0 0 1 293 0 775 1 85 -68 0 5 2 129 -44 1 9 5 41 15350 NA NA 
8328 0 0 0 1 294 0 933 0 96 -76 1 6 1 107 -20 1 7 8 24 15374 NA NA 
8328 0 0 0 1 295 1 811 1 118 -60 1 8 3 41 -20 0 1 8 78 15452 NA NA 
8328 0 0 0 1 296 1 999 1 85 -20 0 5 8 74 -28 0 4 7 56 15508 NA NA 
8328 0 0 0 1 297 1 600 1 129 -28 1 9 7 63 -28 0 3 7 81 15589 NA NA 
8328 0 0 0 1 298 0 521 1 41 -28 0 1 7 118 -28 1 8 7 76 15665 NA NA 
8328 0 0 0 1 299 0 1549 0 107 -60 1 7 3 118 -36 1 8 6 43 15708 NA NA 
8328 0 0 0 2 300 3 2355 NA 118 -20 1 8 8 63 -20 0 3 8 NA 15708 0 0 
8328 0 0 0 2 301 4 1048 NA 74 -52 0 4 4 74 -28 0 4 7 NA 15708 1 2 
8328 0 0 0 2 302 4 983 NA 41 -52 0 1 4 74 -28 0 4 7 NA 15708 2 1 
8328 0 0 0 2 303 6 1721 NA 74 -28 0 4 7 74 -4 0 4 10 NA 15708 1 1 
8328 0 0 0 2 304 3 1688 NA 41 -52 0 1 4 74 -76 0 4 1 NA 15708 2 1 
8328 0 0 0 2 305 7 919 NA 107 -76 1 7 1 107 -52 1 7 4 NA 15708 1 1 
8328 0 0 0 2 306 5 2158 NA 74 -76 0 4 1 107 -76 1 7 1 NA 15708 0 1 
8328 0 0 0 2 307 4 1403 NA 52 -68 0 2 2 129 -68 1 9 2 NA 15708 0 0 
8328 0 0 0 2 308 7 521 NA 41 -76 0 1 1 41 -52 0 1 4 NA 15708 1 1 
8328 0 0 0 2 309 2 1497 NA 74 -28 0 4 7 107 -4 1 7 10 NA 15708 2 1 
8328 0 0 0 2 310 4 1434 NA 107 -52 1 7 4 140 -52 1 10 4 NA 15708 0 1 
8328 0 0 0 2 311 5 920 NA 96 -36 1 6 6 96 -44 1 6 5 NA 15708 1 0 
8328 0 0 0 2 312 7 538 NA 107 -76 1 7 1 140 -76 1 10 1 NA 15708 0 1 
8328 0 0 0 2 313 5 906 NA 74 -52 0 4 4 107 -76 1 7 1 NA 15708 2 1 
8328 0 0 0 2 314 4 488 NA 140 -28 1 10 7 140 -4 1 10 10 NA 15708 1 1 
8328 0 0 0 2 315 5 527 NA 41 -76 0 1 1 74 -76 0 4 1 NA 15708 0 1 
8328 0 0 0 2 316 7 329 NA 41 -28 0 1 7 41 -4 0 1 10 NA 15708 1 1 
8328 0 0 0 2 317 2 553 NA 129 -12 1 9 9 52 -12 0 2 9 NA 15708 0 0 
8328 0 0 0 2 318 2 330 NA 41 -4 0 1 10 140 -76 1 10 1 NA 15708 2 0 
8328 0 0 0 2 319 3 377 NA 107 -28 1 7 7 74 -28 0 4 7 NA 15708 0 2 
8328 0 0 0 2 320 4 301 NA 41 -28 0 1 7 74 -28 0 4 7 NA 15708 0 1 
8328 0 0 0 2 321 7 245 NA 107 -28 1 7 7 140 -52 1 10 4 NA 15708 2 1 
8328 0 0 0 2 322 6 809 NA 107 -76 1 7 1 140 -52 1 10 4 NA 15708 2 1 
8328 0 0 0 2 323 5 746 NA 41 -4 0 1 10 74 -4 0 4 10 NA 15708 0 1 
8328 0 0 0 2 324 7 376 NA 107 -28 1 7 7 107 -52 1 7 4 NA 15708 1 2 
8328 0 0 0 2 325 5 1261 NA 41 -76 0 1 1 74 -52 0 4 4 NA 15708 2 1 
8328 0 0 0 2 326 6 728 NA 96 -36 1 6 6 85 -36 0 5 6 NA 15708 0 0 
8328 0 0 0 2 327 7 394 NA 41 -76 0 1 1 41 -4 0 1 10 NA 15708 1 0 
8328 0 0 0 2 328 6 1001 NA 107 -52 1 7 4 140 -76 1 10 1 NA 15708 2 1 
8328 0 0 0 2 329 6 670 NA 74 -4 0 4 10 107 -4 1 7 10 NA 15708 0 1 
8328 0 0 0 2 330 5 858 NA 107 -4 1 7 10 140 -4 1 10 10 NA 15708 0 1 
8328 0 0 0 2 331 1 283 NA 140 -4 1 10 10 41 -4 0 1 10 NA 15708 0 0 
8328 0 0 0 2 332 3 1382 NA 41 -52 0 1 4 74 -52 0 4 4 NA 15708 0 1 
8328 0 0 0 2 333 5 887 NA 107 -28 1 7 7 140 -28 1 10 7 NA 15708 0 1 
8328 0 0 0 2 334 7 557 NA 129 -12 1 9 9 129 -68 1 9 2 NA 15708 1 0 
8328 0 0 0 2 335 7 250 NA 140 -76 1 10 1 140 -52 1 10 4 NA 15708 1 1 
8328 0 0 0 2 336 7 343 NA 107 -28 1 7 7 107 -4 1 7 10 NA 15708 1 1 
8328 0 0 0 2 337 7 344 NA 85 -36 0 5 6 96 -44 1 6 5 NA 15708 2 0 
8328 0 0 0 2 338 7 409 NA 140 -52 1 10 4 140 -28 1 10 7 NA 15708 1 1 
8328 0 0 0 2 339 4 638 NA 63 -20 0 3 8 118 -60 1 8 3 NA 15708 2 0 
8328 0 0 0 2 340 4 1272 NA 107 -4 1 7 10 140 -28 1 10 7 NA 15708 2 1 
8328 0 0 0 2 341 4 650 NA 107 -28 1 7 7 140 -4 1 10 10 NA 15708 2 1 
8328 0 0 0 2 342 7 777 NA 41 -4 0 1 10 74 -28 0 4 7 NA 15708 2 1 
8328 0 0 0 2 343 7 858 NA 140 -4 1 10 10 140 -76 1 10 1 NA 15708 1 0 
8328 0 0 0 2 344 1 350 NA 41 -76 0 1 1 140 -76 1 10 1 NA 15708 0 0 
8328 0 0 0 2 345 1 341 NA 41 -28 0 1 7 74 -4 0 4 10 NA 15708 2 1 
8328 0 0 0 2 346 3 1895 NA 85 -44 0 5 5 96 -44 1 6 5 NA 15708 0 0 
8328 0 0 0 2 347 4 2394 NA 52 -68 0 2 2 52 -12 0 2 9 NA 15708 1 0 
8328 0 0 0 2 348 1 302 NA 41 -76 0 1 1 140 -4 1 10 10 NA 15708 2 0 
8328 0 0 0 2 349 1 280 NA 63 -60 0 3 3 118 -20 1 8 8 NA 15708 2 0 
8328 0 0 0 2 350 1 312 NA 74 -76 0 4 1 107 -52 1 7 4 NA 15708 2 1 
8328 0 0 0 2 351 4 295 NA 41 -52 0 1 4 41 -28 0 1 7 NA 15708 1 1 
8328 0 0 0 2 352 2 1351 NA 118 -20 1 8 8 118 -60 1 8 3 NA 15708 1 0 
8328 0 0 0 2 353 2 716 NA 107 -52 1 7 4 140 -28 1 10 7 NA 15708 2 1 
8328 0 0 0 2 354 2 455 NA 52 -68 0 2 2 129 -12 1 9 9 NA 15708 2 0 
8328 0 0 0 2 355 4 632 NA 85 -44 0 5 5 85 -36 0 5 6 NA 15708 1 0 
8328 0 0 0 2 356 3 2310 NA 41 -28 0 1 7 74 -52 0 4 4 NA 15708 2 1 
8328 0 0 0 2 357 3 1129 NA 74 -52 0 4 4 107 -28 1 7 7 NA 15708 2 2 
8328 0 0 0 2 358 3 364 NA 52 -12 0 2 9 129 -68 1 9 2 NA 15708 2 0 
8328 0 0 0 2 359 3 6 NA 74 -28 0 4 7 107 -52 1 7 4 NA 15708 2 2 
8328 0 0 0 2 360 3 675 NA 74 -52 0 4 4 107 -52 1 7 4 NA 15708 0 2 
8328 0 0 0 2 361 4 424 NA 74 -76 0 4 1 74 -52 0 4 4 NA 15708 1 1 
8328 0 0 0 2 362 4 968 NA 74 -4 0 4 10 107 -28 1 7 7 NA 15708 2 1 
8328 0 0 0 2 363 4 653 NA 85 -44 0 5 5 96 -36 1 6 6 NA 15708 2 0 
8328 0 0 0 2 364 4 312 NA 63 -60 0 3 3 63 -20 0 3 8 NA 15708 1 0 
8328 0 0 0 2 365 2 664 NA 63 -60 0 3 3 118 -60 1 8 3 NA 15708 0 0 
8328 0 0 0 3 366 0 3581 0 118 -28 1 8 7 NA NA NA NA NA NA 15708 NA NA 
8328 0 0 0 3 367 1 720 0 41 -4 0 1 10 NA NA NA NA NA NA 15708 NA NA 
8328 0 0 0 3 368 1 773 0 52 -60 0 2 3 NA NA NA NA NA NA 15708 NA NA 
8328 0 0 0 3 369 1 619 0 41 -20 0 1 8 NA NA NA NA NA NA 15708 NA NA 
8328 0 0 0 3 370 1 894 0 85 -52 0 5 4 NA NA NA NA NA NA 15708 NA NA 
8328 0 0 0 3 371 0 428 0 140 -12 1 10 9 NA NA NA NA NA NA 15708 NA NA 
8328 0 0 0 3 372 0 461 0 129 -68 1 9 2 NA NA NA NA NA NA 15708 NA NA 
8328 0 0 0 3 373 0 445 0 118 -60 1 8 3 NA NA NA NA NA NA 15708 NA NA 
8328 0 0 0 3 374 0 541 0 129 -36 1 9 6 NA NA NA NA NA NA 15708 NA NA 
8328 0 0 0 3 375 1 602 1 96 -60 1 6 3 NA NA NA NA NA NA 15708 NA NA 
8328 0 0 0 3 376 1 722 0 52 -28 0 2 7 NA NA NA NA NA NA 15708 NA NA 
8328 0 0 0 3 377 1 920 0 85 -20 0 5 8 NA NA NA NA NA NA 15708 NA NA 
8328 0 0 0 3 378 1 916 0 41 -52 0 1 4 NA NA NA NA NA NA 15708 NA NA 
8328 0 0 0 3 379 1 354 0 63 -68 0 3 2 NA NA NA NA NA NA 15708 NA NA 
8328 0 0 0 3 380 0 756 0 118 -12 1 8 9 NA NA NA NA NA NA 15708 NA NA 
8328 0 0 0 3 381 1 600 0 52 -12 0 2 9 NA NA NA NA NA NA 15708 NA NA 
8328 0 0 0 3 382 1 672 0 52 -44 0 2 5 NA NA NA NA NA NA 15708 NA NA 
8328 0 0 0 3 383 1 1607 0 74 -28 0 4 7 NA NA NA NA NA NA 15708 NA NA 
8328 0 0 0 3 384 1 1015 0 85 -68 0 5 2 NA NA NA NA NA NA 15708 NA NA 
8328 0 0 0 3 385 1 493 1 96 -28 1 6 7 NA NA NA NA NA NA 15708 NA NA 
8328 0 0 0 3 386 1 508 0 74 -76 0 4 1 NA NA NA NA NA NA 15708 NA NA 
8328 0 0 0 3 387 0 970 0 107 -20 1 7 8 NA NA NA NA NA NA 15708 NA NA 
8328 0 0 0 3 388 0 886 0 129 -20 1 9 8 NA NA NA NA NA NA 15708 NA NA 
8328 0 0 0 3 389 1 895 0 63 -36 0 3 6 NA NA NA NA NA NA 15708 NA NA 
8328 0 0 0 3 390 0 1275 0 96 -12 1 6 9 NA NA NA NA NA NA 15708 NA NA 
8328 0 0 0 3 391 0 648 0 107 -68 1 7 2 NA NA NA NA NA NA 15708 NA NA 
8328 0 0 0 3 392 0 1250 0 96 -76 1 6 1 NA NA NA NA NA NA 15708 NA NA 
8328 0 0 0 3 393 1 1070 0 85 -36 0 5 6 NA NA NA NA NA NA 15708 NA NA 
8328 0 0 0 3 394 0 932 0 107 -4 1 7 10 NA NA NA NA NA NA 15708 NA NA 
8328 0 0 0 3 395 0 830 0 129 -52 1 9 4 NA NA NA NA NA NA 15708 NA NA 
8328 0 0 0 3 396 0 607 0 140 -76 1 10 1 NA NA NA NA NA NA 15708 NA NA 
8328 0 0 0 3 397 0 8119 0 96 -44 1 6 5 NA NA NA NA NA NA 15708 NA NA 
8328 0 0 0 3 398 1 788 0 63 -4 0 3 10 NA NA NA NA NA NA 15708 NA NA 
8328 0 0 0 3 399 0 2761 1 85 -4 0 5 10 NA NA NA NA NA NA 15708 NA NA 
8328 0 0 0 3 400 1 611 0 63 -52 0 3 4 NA NA NA NA NA NA 15708 NA NA 
8328 0 0 0 3 401 0 861 0 118 -44 1 8 5 NA NA NA NA NA NA 15708 NA NA 
8328 0 0 0 3 402 0 1467 0 107 -52 1 7 4 NA NA NA NA NA NA 15708 NA NA 
8328 0 0 0 3 403 1 686 0 74 -44 0 4 5 NA NA NA NA NA NA 15708 NA NA 
8328 0 0 0 3 404 0 645 0 140 -28 1 10 7 NA NA NA NA NA NA 15708 NA NA 
8328 0 0 0 3 405 1 701 0 41 -36 0 1 6 NA NA NA NA NA NA 15708 NA NA 
8328 0 0 0 3 406 0 706 0 140 -60 1 10 3 NA NA NA NA NA NA 15708 NA NA 
8328 0 0 0 3 407 1 552 0 74 -60 0 4 3 NA NA NA NA NA NA 15708 NA NA 
8328 0 0 0 3 408 1 594 0 74 -12 0 4 9 NA NA NA NA NA NA 15708 NA NA 
8328 0 0 0 3 409 0 652 0 140 -44 1 10 5 NA NA NA NA NA NA 15708 NA NA 
8328 0 0 0 3 410 1 852 0 63 -20 0 3 8 NA NA NA NA NA NA 15708 NA NA 
8328 0 0 0 3 411 1 756 0 41 -68 0 1 2 NA NA NA NA NA NA 15708 NA NA 
8328 0 0 0 3 412 0 726 0 107 -36 1 7 6 NA NA NA NA NA NA 15708 NA NA 
8328 0 0 0 3 413 1 730 0 52 -76 0 2 1 NA NA NA NA NA NA 15708 NA NA 
8328 0 0 0 3 414 0 718 0 118 -76 1 8 1 NA NA NA NA NA NA 15708 NA NA 
8328 0 0 0 3 415 0 597 0 129 -4 1 9 10 NA NA NA NA NA NA 15708 NA NA 
Fri Apr 18 09:57:30 2014 
